          58
  -26    4    8
  -20    2    9
  -15    0   10
  -11   -2    6
   -6   -5    8
   -1   -4    5
    4   -8    4
    9   -5    3
   13   -9    0
   18   -5   -1
   22   -9   -2
   26   -7    3
   21   -5    6
   16   -7    8
   11   -6   11
    5   -6   11
    1   -1   12
   -5    0   13
   -8    5   10
  -13    8   10
  -16    9    4
  -21   10    2
  -19    8   -4
  -15    5   -6
  -13   10  -10
  -11   13   -4
   -9    8   -1
   -5    8   -6
   -3   13   -5
   -3   13    1
    0    8    2
    4   10   -3
    5   15    1
    6   11    6
   10    7    2
   13   13    0
   14   14    6
   18    9    6
   19    8    0
   16    3   -3
   14    6   -8
   13    2  -13
    8   -2  -14
    3   -2  -11
   -1   -7  -11
   -7   -6   -8
  -10  -11   -6
  -16  -10   -5
  -18  -16   -4
  -16  -15    2
  -14   -9    2
   -8   -9    2
   -5   -5   -1
    1   -7   -3
    6   -4   -5
   11   -6   -7
   16   -4   -8
   16    0   -3
          58
  -24   -7    9
  -21   -1    7
  -16   -1    9
  -12   -3    5
   -6   -5    8
   -1   -3    5
    4   -6    5
    9   -3    3
   14   -7    2
   18   -3    1
   24   -4    0
   25   -1    6
   20   -1    8
   15   -4   10
   10   -2   11
    4   -3   12
    0    1   12
   -6    1   12
  -10    5    8
  -15    7    8
  -18    7    2
  -23    7    0
  -21    4   -6
  -16    2   -8
  -14    7  -11
  -14   11   -6
  -11    6   -3
   -7    6   -8
   -6   12   -7
   -6   12   -1
   -2    8    0
    2   10   -5
    2   15   -2
    4   13    4
    8    9    1
   10   14   -2
   11   17    4
   15   12    5
   17   11   -1
   15    6   -3
   13    6   -8
   13    2  -13
    9   -3  -14
    3   -3  -11
    0   -8  -10
   -6   -8   -8
   -8  -13   -6
  -14  -13   -5
  -15  -19   -2
  -13  -17    3
  -13  -11    3
   -7  -10    2
   -4   -6   -1
    2   -7   -2
    6   -4   -4
   12   -6   -6
   17   -3   -7
   22   -6   -9
          58
  -26    1   10
  -21   -2    7
  -15   -2   10
  -11   -4    6
   -6   -6    8
   -1   -4    5
    4   -7    5
    9   -5    3
   14   -8    2
   18   -4    0
   24   -6   -1
   26   -2    4
   20   -2    7
   16   -5    9
   11   -3   11
    5   -3   11
    0    0   12
   -6    0   12
   -9    5    9
  -15    6    9
  -17    6    4
  -23    6    2
  -21    4   -4
  -17    2   -7
  -14    6  -11
  -14   10   -6
  -11    5   -3
   -7    5   -8
   -6   11   -7
   -6   11   -1
   -2    7    0
    2    9   -5
    2   14   -2
    4   12    4
    8    8    0
   10   13   -3
   11   16    2
   15   11    4
   17   10   -2
   15    5   -4
   13    5   -9
   13    0  -13
    9   -5  -14
    3   -4  -11
    0   -9  -10
   -6   -9   -8
   -8  -14   -6
  -14  -14   -5
  -15  -20   -2
  -13  -17    3
  -14  -11    2
   -7  -11    2
   -4   -7   -1
    2   -8   -2
    6   -5   -4
   12   -7   -6
   17   -4   -8
   17    1   -6
          58
  -26   -4    6
  -21   -2    8
  -15   -2   10
  -11   -4    7
   -5   -6    8
    0   -4    5
    5   -7    4
   10   -3    2
   15   -6    0
   19   -2   -2
   24   -4   -3
   26   -2    2
   21   -1    5
   17   -4    7
   12   -2   10
    6   -4   11
    1    0   12
   -5    0   12
   -8    4   10
  -14    5   10
  -17    6    5
  -22    6    2
  -21    4   -4
  -16    1   -6
  -15    6  -10
  -15   10   -5
  -11    6   -2
   -7    6   -7
   -6   12   -6
   -6   12    0
   -1    8    1
    2   10   -4
    2   15    0
    4   12    5
    8    9    1
   10   15   -2
   12   17    3
   15   12    4
   17   12   -2
   15    7   -4
   12    8  -10
   11    3  -14
    8   -2  -15
    3   -2  -11
    0   -7  -11
   -6   -8   -8
   -7  -13   -6
  -13  -14   -4
  -14  -20   -1
  -11  -18    5
  -12  -12    2
   -6  -10    2
   -4   -6   -1
    2   -7   -3
    6   -4   -5
   12   -5   -8
   17   -2   -9
   19    4  -11
          58
  -26    4    6
  -22   -1    6
  -16   -1    9
  -12   -3    6
   -7   -5    8
   -1   -3    5
    4   -7    6
    9   -4    4
   14   -6    3
   18   -2    1
   24   -4    1
   25    0    6
   20   -1    8
   15   -3   10
   10   -1   12
    4   -3   12
    0    1   12
   -6    2   11
   -9    6    8
  -16    6    8
  -18    7    2
  -23    6   -1
  -21    4   -6
  -16    1   -8
  -14    6  -11
  -14   10   -7
  -11    6   -4
   -6    5   -8
   -5   11   -8
   -6   12   -2
   -2    7   -1
    2    9   -5
    2   15   -3
    3   12    3
    8    9    0
   10   14   -2
   11   17    4
   15   12    4
   18   11   -1
   15    6   -3
   13    6   -9
   13    2  -13
   10   -3  -14
    4   -4  -11
    0   -8  -10
   -6   -9   -7
   -8  -14   -5
  -14  -14   -5
  -14  -20   -3
  -13  -18    2
  -13  -11    2
   -7  -10    2
   -4   -6   -1
    2   -7   -2
    7   -4   -4
   12   -6   -6
   17   -3   -7
   22   -7   -9
          58
  -25    5    7
  -22    1    4
  -16   -1    7
  -12   -3    4
   -7   -6    6
   -1   -4    3
    3   -9    4
    9   -6    3
   14  -10    1
   18   -6    1
   22  -10    2
   25   -7    6
   20   -4    9
   15   -8    9
   10   -6   11
    4   -6   11
    0   -2   11
   -6    0   10
   -8    4    7
  -14    7    7
  -16    8    1
  -21   10   -2
  -20    6   -6
  -14    4   -9
  -11    9  -12
  -12   12   -7
   -9    7   -4
   -4    7   -8
   -2   13   -6
   -4   12    0
    0    7   -1
    5    9   -4
    5   14    0
    6   10    5
   10    7    2
   13   12    0
   13   14    6
   16    8    7
   19    8    1
   16    3   -2
   15    4   -8
   15    0  -13
   10   -3  -14
    4   -3  -12
    0   -7  -12
   -6   -7  -10
  -10  -12   -8
  -16  -12   -8
  -16  -18   -6
  -15  -16    0
  -15  -10    0
   -8  -10    0
   -4   -7   -3
    2   -8   -4
    7   -6   -5
   12   -7   -7
   18   -4   -7
   17   -5   -1
          58
  -24    6    6
  -22    1    7
  -16   -1    9
  -12   -3    6
   -8   -5    9
   -2   -4    6
    3   -7    6
    8   -4    4
   13   -8    3
   18   -4    1
   23   -6    3
   24   -4    8
   19   -2    9
   14   -4   11
    9   -2   13
    3   -3   12
   -1    1   12
   -7    1   12
   -9    6    9
  -14    8    8
  -17    8    3
  -22    8    0
  -21    5   -6
  -16    2   -8
  -14    6  -12
  -14   10   -7
  -11    6   -4
   -6    5   -8
   -5   11   -8
   -5   11   -2
   -2    7    0
    2    9   -4
    2   15   -2
    4   12    3
    8    8    1
   10   13   -1
   13   16    3
   16   10    4
   18   10   -2
   16    4   -2
   13    4   -8
   12   -1  -12
    8   -5  -13
    3   -5  -10
   -1  -10   -9
   -7   -9   -7
   -8  -14   -4
  -14  -13   -4
  -15  -19   -3
  -14  -17    3
  -14  -11    3
   -8  -11    4
   -5   -7    0
    1   -8   -1
    6   -5   -4
   11   -7   -5
   17   -4   -6
   20   -2    0
          58
  -17    2    3
  -21    1    7
  -15   -1    9
  -11   -2    5
   -6   -5    8
   -1   -3    5
    4   -7    6
    9   -4    4
   13   -8    2
   18   -4    1
   24   -7    2
   26   -4    6
   20   -2    8
   16   -5   10
   11   -3   12
    5   -3   12
    0    1   12
   -6    1   12
   -9    5    8
  -15    7    8
  -17    7    3
  -23    7    0
  -20    6   -5
  -15    3   -8
  -13    8  -12
  -13   11   -6
  -10    6   -3
   -6    6   -8
   -4   12   -7
   -5   12   -1
   -1    8    0
    3    9   -4
    3   14   -1
    4   12    4
    9    8    2
   11   13   -1
   13   16    3
   16   11    5
   19    9    0
   16    5   -3
   14    5   -9
   14    0  -12
    9   -3  -14
    3   -3  -11
    0   -8  -10
   -6   -9   -7
   -8  -14   -5
  -14  -13   -5
  -16  -18   -2
  -15  -16    3
  -14  -10    2
   -8  -10    3
   -4   -6   -1
    2   -8   -2
    7   -4   -4
   12   -7   -6
   18   -4   -7
   19   -9  -10
          58
  -26   -5    6
  -21   -4    9
  -15   -4   10
  -11   -5    6
   -6   -8    6
   -1   -5    4
    4   -9    2
    9   -6    1
   13   -9   -2
   18   -5   -1
   23   -9   -3
   25   -8    3
   20   -7    6
   14  -10    6
   10   -8    9
    4   -8   10
    1   -4   12
   -5   -4   13
   -8    2   11
  -14    3   12
  -17    6    8
  -23    6    5
  -21    6    0
  -17    4   -4
  -15   10   -6
  -14   12   -1
  -11    6    1
   -7    8   -4
   -4   13   -2
   -5   11    4
   -1    6    4
    3   10    0
    3   14    4
    5   10    8
    9    7    4
   12   12    2
   14   12    8
   17    7    7
   18    9    1
   16    4   -1
   13    7   -6
   13    4  -12
    8    1  -14
    3    0  -11
   -1   -4  -12
   -7   -5   -9
   -9  -10  -10
  -15  -11   -9
  -17  -17   -8
  -13  -16   -3
  -14  -10   -1
   -8  -10   -1
   -4   -6   -3
    1   -7   -5
    6   -4   -6
   11   -5   -9
   16   -2   -9
   17    2  -13
          58
  -25    1   10
  -21   -1    6
  -15   -3    9
  -11   -5    4
   -7   -8    6
   -1   -6    3
    4   -9    2
    9   -6    1
   14   -8   -2
   18   -4   -3
   23   -7   -2
   25   -7    3
   20   -6    6
   15   -9    6
   10   -7    9
    4   -7    9
    1   -2   11
   -5   -2   11
   -8    3   10
  -14    4   10
  -17    7    6
  -22    8    2
  -19    6   -3
  -15    5   -7
  -14   10   -9
  -12   13   -3
  -10    7   -1
   -6    8   -5
   -4   14   -2
   -5   12    3
   -1    7    2
    3   10   -1
    3   14    4
    6    9    7
    9    6    3
   12   12    2
   13   14    8
   16    8    6
   19   10    0
   16    4   -2
   13    7   -7
   13    5  -12
    8    2  -14
    3    0  -12
   -1   -4  -12
   -7   -6  -10
  -10  -11   -9
  -16  -10   -8
  -17  -16   -8
  -15  -16   -2
  -14  -11    0
   -8  -11   -1
   -5   -6   -3
    1   -7   -5
    6   -4   -6
   11   -4   -8
   17   -2   -9
   14    2  -12
