39
51 5 25
53 1 30
59 0 30
61 -4 35
66 -2 39
69 -6 36
68 -4 31
69 2 33
75 0 35
76 -3 30
76 2 27
79 6 31
84 2 31
84 2 24
83 8 24
88 8 28
91 4 25
91 7 20
92 13 23
97 10 25
99 8 19
97 12 15
100 18 16
96 22 12
101 26 12
105 22 9
110 23 12
113 18 12
113 18 5
118 22 6
121 17 8
120 14 2
124 14 -3
122 19 -6
118 19 -10
120 20 -16
117 22 -21
120 23 -26
117 25 -31
204
121 1 -31
123 7 -28
119 6 -23
121 12 -20
116 12 -16
117 6 -14
121 7 -9
117 11 -7
112 8 -8
115 3 -6
116 6 -1
111 8 0
108 2 -1
112 0 3
111 4 8
105 3 6
105 -3 7
108 -2 13
103 2 14
99 -2 12
102 -6 16
101 -3 21
95 -2 20
94 -8 19
97 -9 25
92 -6 27
87 -8 25
84 -11 29
85 -17 29
90 -17 25
93 -18 30
90 -24 31
92 -26 25
97 -29 24
102 -26 22
102 -30 17
96 -28 16
98 -22 17
102 -22 13
99 -25 8
95 -20 10
98 -15 9
101 -17 4
96 -18 1
93 -13 3
98 -9 3
98 -6 -2
91 -6 -2
92 -3 4
96 1 1
92 2 -3
87 3 1
90 6 5
92 10 0
87 12 -1
88 16 3
92 19 0
89 18 -5
87 23 -8
83 23 -13
84 29 -14
89 27 -17
88 21 -17
93 20 -13
95 19 -8
97 24 -5
101 23 0
102 29 2
106 31 -3
106 31 -9
112 28 -8
108 24 -5
103 24 -9
102 19 -12
99 18 -18
98 14 -22
104 15 -25
107 15 -19
105 9 -18
106 7 -24
112 9 -23
112 5 -18
111 1 -23
105 0 -23
101 0 -28
96 2 -29
94 -3 -28
94 -2 -22
94 4 -22
89 5 -25
85 1 -21
89 3 -16
87 9 -17
81 7 -18
81 4 -13
83 9 -10
79 13 -13
74 9 -11
76 8 -5
77 14 -5
71 15 -7
69 11 -2
71 16 2
72 12 6
72 14 12
77 13 15
75 8 18
73 5 13
79 6 10
82 3 15
77 -1 15
78 -2 9
84 -3 10
84 -7 15
79 -10 12
83 -10 7
88 -12 10
85 -17 13
83 -20 8
82 -26 9
82 -28 3
88 -26 2
92 -31 0
95 -34 4
91 -32 9
91 -37 13
87 -35 17
83 -33 14
78 -33 18
81 -30 22
82 -26 17
76 -25 15
74 -25 21
78 -20 22
76 -17 17
70 -18 18
71 -15 23
73 -10 20
69 -11 15
64 -11 19
67 -6 22
67 -3 16
61 -5 15
59 -3 20
62 3 20
60 4 14
54 3 16
55 6 22
59 11 20
59 12 14
54 15 12
51 14 7
52 16 2
58 14 3
57 9 6
54 7 1
56 1 -1
61 3 2
63 -3 5
62 -6 -1
65 -1 -4
70 -2 0
70 -8 0
70 -7 -6
75 -4 -5
78 -9 -3
77 -12 -8
79 -7 -11
84 -8 -8
85 -14 -9
86 -13 -15
89 -8 -14
93 -12 -10
93 -16 -15
95 -12 -19
99 -9 -15
101 -15 -14
102 -16 -20
105 -11 -21
108 -11 -16
110 -17 -18
112 -14 -23
115 -9 -21
118 -12 -16
120 -17 -20
124 -13 -23
128 -13 -18
130 -7 -20
124 -5 -18
124 -9 -13
129 -6 -11
126 -1 -11
121 -3 -7
122 -4 -1
123 -9 3
117 -9 5
114 -8 0
117 -13 -3
116 -17 2
110 -15 2
109 -15 -4
113 -19 -6
119 -20 -8
123 -24 -10
8
100 60 33
98 66 30
103 65 26
101 71 23
104 74 27
104 80 24
103 83 30
103 89 27
