2941 50 2 10 1
2.00 1.00 4.00 1.00 0.50
1.000 2.000 0.125 -2.000 0.375
764 1.00
 1   1  1  16  13.70   1.00
 1   1  1  17   9.92   1.00
 1   1  1  18   8.55   1.00
 1   1  1  19   6.02   1.00
 1   1  1  20   6.13   1.00
 1   1  1  21   6.38   1.00
 1   1  1  22   8.15   1.00
 1   1  1  23   9.85   1.00
 1   1  1  24  12.78   1.00
 1   1  1  25  11.79   1.00
 1   1  1  26  10.04   1.00
 1   1  1  27  13.57   1.00
 1   1  1  29  13.24   1.00
 1   1  1  30  13.80   1.00
 1   1  1  45  14.21   1.00
 1   1  1  46  13.63   1.00
 1   1  1  47  11.73   1.00
 1   1  1  48  13.59   1.00
 1   1  1  49  11.61   1.00
 1   1  1  50   8.57   1.00
 1   1  1  51  10.96   1.00
 1   1  1  52  12.33   1.00
 1   2  1  15  12.72   1.00
 1   2  1  16   9.89   1.00
 1   2  1  17   6.12   1.00
 1   2  1  18   5.36   1.00
 1   2  1  20   6.10   1.00
 1   2  1  21   8.31   1.00
 1   2  1  22   9.59   1.00
 1   2  1  23  10.14   1.00
 1   2  1  24  12.90   1.00
 1   2  1  25  11.55   1.00
 1   2  1  26   8.88   1.00
 1   2  1  27  12.14   1.00
 1   2  1  28  13.91   1.00
 1   2  1  29  11.33   1.00
 1   2  1  30  11.10   1.00
 1   2  1  31  14.77   1.00
 1   2  1  33  14.63   1.00
 1   2  1  45  12.80   1.00
 1   2  1  46  12.38   1.00
 1   2  1  47  11.56   1.00
 1   2  1  48  13.34   1.00
 1   2  1  49  10.78   1.00
 1   2  1  50   7.52   1.00
 1   2  1  51   8.65   1.00
 1   2  1  52   9.81   1.00
 1   2  1  53  13.33   1.00
 1   3  1  14  14.12   1.00
 1   3  1  15  10.46   1.00
 1   3  1  16   8.52   1.00
 1   3  1  17   5.52   1.00
 1   3  1  18   6.02   1.00
 1   3  1  19   6.98   1.00
 1   3  1  20   7.73   1.00
 1   3  1  21  10.15   1.00
 1   3  1  22  10.00   1.00
 1   3  1  23   9.08   1.00
 1   3  1  24  12.03   1.00
 1   3  1  25  11.43   1.00
 1   3  1  26   7.99   1.00
 1   3  1  27  10.35   1.00
 1   3  1  28  12.81   1.00
 1   3  1  29  10.87   1.00
 1   3  1  30   9.60   1.00
 1   3  1  31  13.00   1.00
 1   3  1  32  14.70   1.00
 1   3  1  33  13.57   1.00
 1   3  1  34  14.62   1.00
 1   3  1  43  13.77   1.00
 1   3  1  44  12.10   1.00
 1   3  1  45   9.37   1.00
 1   3  1  46   8.92   1.00
 1   3  1  47   8.91   1.00
 1   3  1  48  10.75   1.00
 1   3  1  49   8.33   1.00
 1   3  1  52   6.11   1.00
 1   3  1  53   9.67   1.00
 1   3  1  54  12.73   1.00
 1   4  1  13  13.53   1.00
 1   4  1  14  10.59   1.00
 1   4  1  15   6.90   1.00
 1   4  1  16   5.79   1.00
 1   4  1  18   6.89   1.00
 1   4  1  19   9.36   1.00
 1   4  1  20  10.84   1.00
 1   4  1  21  13.72   1.00
 1   4  1  22  13.48   1.00
 1   4  1  23  11.97   1.00
 1   4  1  24  14.54   1.00
 1   4  1  25  13.87   1.00
 1   4  1  26  10.14   1.00
 1   4  1  27  11.57   1.00
 1   4  1  28  13.83   1.00
 1   4  1  29  11.86   1.00
 1   4  1  30   9.45   1.00
 1   4  1  31  12.66   1.00
 1   4  1  32  14.49   1.00
 1   4  1  33  12.54   1.00
 1   4  1  34  12.98   1.00
 1   4  1  43  13.05   1.00
 1   4  1  44  11.60   1.00
 1   4  1  45   9.75   1.00
 1   4  1  46   9.16   1.00
 1   4  1  47  10.53   1.00
 1   4  1  48  11.64   1.00
 1   4  1  49   8.84   1.00
 1   4  1  50   6.52   1.00
 1   4  1  52   5.27   1.00
 1   4  1  53   7.75   1.00
 1   4  1  54  10.86   1.00
 1   4  1  55  14.06   1.00
 1   5  1  12  13.56   1.00
 1   5  1  13  10.63   1.00
 1   5  1  14   8.17   1.00
 1   5  1  15   5.12   1.00
 1   5  1  16   5.25   1.00
 1   5  1  17   5.85   1.00
 1   5  1  18   7.86   1.00
 1   5  1  19  11.04   1.00
 1   5  1  20  12.06   1.00
 1   5  1  22  14.49   1.00
 1   5  1  23  12.29   1.00
 1   5  1  24  14.08   1.00
 1   5  1  25  13.48   1.00
 1   5  1  26   9.75   1.00
 1   5  1  27   9.99   1.00
 1   5  1  28  12.00   1.00
 1   5  1  29  10.55   1.00
 1   5  1  30   7.29   1.00
 1   5  1  31   9.82   1.00
 1   5  1  32  12.05   1.00
 1   5  1  33  10.02   1.00
 1   5  1  34   9.66   1.00
 1   5  1  35  13.32   1.00
 1   5  1  36  14.30   1.00
 1   5  1  37  13.58   1.00
 1   5  1  38  14.89   1.00
 1   5  1  39  12.18   1.00
 1   5  1  40  13.20   1.00
 1   5  1  41  14.30   1.00
 1   5  1  42  12.97   1.00
 1   5  1  43  10.12   1.00
 1   5  1  44   9.48   1.00
 1   5  1  45   8.87   1.00
 1   5  1  46   9.46   1.00
 1   5  1  47  11.76   1.00
 1   5  1  48  13.29   1.00
 1   5  1  49  11.22   1.00
 1   5  1  50   9.00   1.00
 1   5  1  51   5.75   1.00
 1   5  1  53   5.01   1.00
 1   5  1  54   7.39   1.00
 1   5  1  55  10.55   1.00
 1   5  1  56  13.42   1.00
 1   6  1  11  13.91   1.00
 1   6  1  12  10.93   1.00
 1   6  1  13   7.65   1.00
 1   6  1  14   6.03   1.00
 1   6  1  16   6.96   1.00
 1   6  1  17   8.92   1.00
 1   6  1  18  11.45   1.00
 1   6  1  19  14.78   1.00
 1   6  1  26  13.16   1.00
 1   6  1  27  12.64   1.00
 1   6  1  28  14.61   1.00
 1   6  1  29  13.63   1.00
 1   6  1  30   9.99   1.00
 1   6  1  31  11.56   1.00
 1   6  1  32  14.02   1.00
 1   6  1  33  11.67   1.00
 1   6  1  34  10.16   1.00
 1   6  1  35  13.90   1.00
 1   6  1  36  14.86   1.00
 1   6  1  37  13.16   1.00
 1   6  1  38  14.18   1.00
 1   6  1  39  11.17   1.00
 1   6  1  40  12.71   1.00
 1   6  1  41  13.43   1.00
 1   6  1  42  12.13   1.00
 1   6  1  43  10.14   1.00
 1   6  1  44   9.60   1.00
 1   6  1  45  10.06   1.00
 1   6  1  46  10.36   1.00
 1   6  1  47  13.47   1.00
 1   6  1  48  14.31   1.00
 1   6  1  49  12.44   1.00
 1   6  1  50  11.25   1.00
 1   6  1  51   7.49   1.00
 1   6  1  52   6.15   1.00
 1   6  1  54   6.28   1.00
 1   6  1  55   8.32   1.00
 1   6  1  56  11.41   1.00
 1   7  1  12   7.51   1.00
 1   7  1  15   5.42   1.00
 1   7  1  16   8.30   1.00
 1   7  1  17  11.08   1.00
 1   7  1  18  13.11   1.00
 1   7  1  26  14.42   1.00
 1   7  1  27  13.19   1.00
 1   7  1  28  14.40   1.00
 1   7  1  29  13.75   1.00
 1   7  1  30   9.95   1.00
 1   7  1  31  10.43   1.00
 1   7  1  32  12.70   1.00
 1   7  1  33  10.24   1.00
 1   7  1  34   7.77   1.00
 1   7  1  35  11.29   1.00
 1   7  1  36  12.27   1.00
 1   7  1  37   9.97   1.00
 1   7  1  38  10.70   1.00
 1   7  1  39   7.77   1.00
 1   7  1  40   9.94   1.00
 1   7  1  41  11.11   1.00
 1   7  1  42  10.79   1.00
 1   7  1  43   9.80   1.00
 1   7  1  44  10.61   1.00
 1   7  1  45  12.16   1.00
 1   7  1  46  13.31   1.00
 1   7  1  50  14.73   1.00
 1   7  1  51  11.02   1.00
 1   7  1  52   8.81   1.00
 1   7  1  53   6.20   1.00
 1   7  1  54   5.49   1.00
 1   7  1  55   6.30   1.00
 1   7  1  56   8.49   1.00
 1   8  1  14   6.96   1.00
 1   8  1  15   8.63   1.00
 1   8  1  16  11.92   1.00
 1   8  1  17  14.65   1.00
 1   8  1  30  13.20   1.00
 1   8  1  31  13.00   1.00
 1   8  1  33  13.46   1.00
 1   8  1  34  10.39   1.00
 1   8  1  35  13.36   1.00
 1   8  1  36  14.66   1.00
 1   8  1  37  11.76   1.00
 1   8  1  38  11.57   1.00
 1   8  1  39   8.39   1.00
 1   8  1  40  10.31   1.00
 1   8  1  41  10.47   1.00
 1   8  1  42  10.03   1.00
 1   8  1  43  10.17   1.00
 1   8  1  44  10.96   1.00
 1   8  1  45  13.27   1.00
 1   8  1  46  14.30   1.00
 1   8  1  51  13.05   1.00
 1   8  1  52  10.98   1.00
 1   8  1  53   7.52   1.00
 1   8  1  54   6.04   1.00
 1   8  1  56   6.73   1.00
 1   9  1  14   7.93   1.00
 1   9  1  15  10.45   1.00
 1   9  1  16  13.38   1.00
 1   9  1  30  13.63   1.00
 1   9  1  31  12.61   1.00
 1   9  1  32  14.69   1.00
 1   9  1  33  12.70   1.00
 1   9  1  34   9.17   1.00
 1   9  1  35  11.35   1.00
 1   9  1  36  12.54   1.00
 1   9  1  37   9.23   1.00
 1   9  1  38   8.49   1.00
 1   9  1  39   5.85   1.00
 1   9  1  40   8.46   1.00
 1   9  1  41   9.31   1.00
 1   9  1  42  10.28   1.00
 1   9  1  43  11.29   1.00
 1   9  1  44  13.14   1.00
 1   9  1  52  13.59   1.00
 1   9  1  53  10.28   1.00
 1   9  1  54   7.70   1.00
 1   9  1  55   5.44   1.00
 1   9  1  56   5.11   1.00
 1  10  1  15  13.71   1.00
 1  10  1  34  12.59   1.00
 1  10  1  35  14.19   1.00
 1  10  1  37  11.66   1.00
 1  10  1  38  10.40   1.00
 1  10  1  39   8.49   1.00
 1  10  1  40  10.74   1.00
 1  10  1  41  10.92   1.00
 1  10  1  42  12.12   1.00
 1  10  1  43  13.95   1.00
 1  10  1  53  13.41   1.00
 1  10  1  54  10.79   1.00
 1  10  1  55   7.62   1.00
 1  10  1  56   6.30   1.00
 1  11  1  34  12.79   1.00
 1  11  1  35  14.04   1.00
 1  11  1  36  14.20   1.00
 1  11  1  37  10.39   1.00
 1  11  1  38   9.80   1.00
 1  11  1  39   9.22   1.00
 1  11  1  40  12.27   1.00
 1  11  1  41  13.40   1.00
 1  11  1  54  13.33   1.00
 1  11  1  55  10.73   1.00
 1  11  1  56   9.16   1.00
 1  12  1  31  14.86   1.00
 1  12  1  33  13.26   1.00
 1  12  1  34  10.31   1.00
 1  12  1  35  12.29   1.00
 1  12  1  36  12.08   1.00
 1  12  1  37   8.37   1.00
 1  12  1  38   8.97   1.00
 1  12  1  39   8.08   1.00
 1  12  1  40  11.63   1.00
 1  12  1  41  13.33   1.00
 1  12  1  42  14.71   1.00
 1  12  1  53  13.47   1.00
 1  12  1  54  11.55   1.00
 1  12  1  55   9.90   1.00
 1  12  1  56   9.36   1.00
 1  13  1  30  14.05   1.00
 1  13  1  31  14.30   1.00
 1  13  1  33  12.85   1.00
 1  13  1  34  10.30   1.00
 1  13  1  35  13.23   1.00
 1  13  1  36  13.19   1.00
 1  13  1  37   9.97   1.00
 1  13  1  38  11.10   1.00
 1  13  1  39   9.25   1.00
 1  13  1  40  12.46   1.00
 1  13  1  41  13.84   1.00
 1  13  1  42  14.28   1.00
 1  13  1  43  14.20   1.00
 1  13  1  52  13.50   1.00
 1  13  1  53  10.86   1.00
 1  13  1  54   9.90   1.00
 1  13  1  55   9.04   1.00
 1  13  1  56  10.01   1.00
 1  14  1  30  12.08   1.00
 1  14  1  31  13.27   1.00
 1  14  1  32  14.48   1.00
 1  14  1  33  11.12   1.00
 1  14  1  34   9.58   1.00
 1  14  1  35  12.99   1.00
 1  14  1  36  12.55   1.00
 1  14  1  37  10.15   1.00
 1  14  1  38  12.20   1.00
 1  14  1  39  10.48   1.00
 1  14  1  40  13.53   1.00
 1  14  1  43  14.40   1.00
 1  14  1  44  14.96   1.00
 1  14  1  51  12.95   1.00
 1  14  1  52  11.76   1.00
 1  14  1  53  10.08   1.00
 1  14  1  54  10.15   1.00
 1  14  1  55  10.69   1.00
 1  14  1  56  12.29   1.00
 1  15  1  26  14.15   1.00
 1  15  1  27  14.37   1.00
 1  15  1  29  13.59   1.00
 1  15  1  30  10.17   1.00
 1  15  1  31  12.30   1.00
 1  15  1  32  13.65   1.00
 1  15  1  33  10.47   1.00
 1  15  1  34   9.86   1.00
 1  15  1  35  13.58   1.00
 1  15  1  36  13.41   1.00
 1  15  1  37  11.93   1.00
 1  15  1  38  14.07   1.00
 1  15  1  39  12.03   1.00
 1  15  1  40  14.39   1.00
 1  15  1  43  13.62   1.00
 1  15  1  44  13.56   1.00
 1  15  1  45  13.62   1.00
 1  15  1  46  13.80   1.00
 1  15  1  49  14.57   1.00
 1  15  1  50  13.07   1.00
 1  15  1  51   9.77   1.00
 1  15  1  52   9.04   1.00
 1  15  1  53   8.49   1.00
 1  15  1  54   9.77   1.00
 1  15  1  55  11.57   1.00
 1  15  1  56  13.87   1.00
 1  16  1  26  12.12   1.00
 1  16  1  27  13.19   1.00
 1  16  1  28  14.02   1.00
 1  16  1  29  11.35   1.00
 1  16  1  30   8.58   1.00
 1  16  1  31  11.56   1.00
 1  16  1  32  12.24   1.00
 1  16  1  33   9.14   1.00
 1  16  1  34   9.96   1.00
 1  16  1  35  13.44   1.00
 1  16  1  36  12.98   1.00
 1  16  1  37  12.60   1.00
 1  16  1  39  13.52   1.00
 1  16  1  43  14.68   1.00
 1  16  1  44  14.62   1.00
 1  16  1  45  13.98   1.00
 1  16  1  46  14.29   1.00
 1  16  1  49  14.50   1.00
 1  16  1  50  12.28   1.00
 1  16  1  51   9.73   1.00
 1  16  1  52   9.18   1.00
 1  16  1  53  10.02   1.00
 1  16  1  54  11.57   1.00
 1  16  1  55  14.09   1.00
 1  17  1  22  13.83   1.00
 1  17  1  23  13.17   1.00
 1  17  1  25  13.38   1.00
 1  17  1  26  10.08   1.00
 1  17  1  27  12.12   1.00
 1  17  1  28  13.28   1.00
 1  17  1  29  10.34   1.00
 1  17  1  30   8.50   1.00
 1  17  1  31  12.14   1.00
 1  17  1  32  12.82   1.00
 1  17  1  33  10.52   1.00
 1  17  1  34  12.07   1.00
 1  17  1  44  14.66   1.00
 1  17  1  45  13.09   1.00
 1  17  1  46  13.14   1.00
 1  17  1  47  14.08   1.00
 1  17  1  49  12.64   1.00
 1  17  1  50   9.91   1.00
 1  17  1  51   8.43   1.00
 1  17  1  52   8.56   1.00
 1  17  1  53  10.77   1.00
 1  17  1  54  12.99   1.00
 1  18  1  23  11.18   1.00
 1  18  1  24  12.63   1.00
 1  18  1  25  10.26   1.00
 1  18  1  26   7.54   1.00
 1  18  1  27  10.24   1.00
 1  18  1  28  10.82   1.00
 1  18  1  29   7.49   1.00
 1  18  1  30   7.02   1.00
 1  18  1  31  10.80   1.00
 1  18  1  32  10.94   1.00
 1  18  1  33   9.56   1.00
 1  18  1  34  11.95   1.00
 1  18  1  35  14.55   1.00
 1  18  1  36  14.65   1.00
 1  18  1  45  13.42   1.00
 1  18  1  46  14.18   1.00
 1  18  1  47  14.50   1.00
 1  18  1  49  14.29   1.00
 1  18  1  50  10.90   1.00
 1  18  1  51  10.19   1.00
 1  18  1  52   9.59   1.00
 1  18  1  53  12.22   1.00
 1  18  1  54  14.00   1.00
 1  19  1  24  11.94   1.00
 1  19  1  25   9.42   1.00
 1  19  1  26   7.67   1.00
 1  19  1  27  11.22   1.00
 1  19  1  28  11.78   1.00
 1  19  1  29   8.63   1.00
 1  19  1  30   9.58   1.00
 1  19  1  31  13.14   1.00
 1  19  1  32  13.07   1.00
 1  19  1  33  12.51   1.00
 1  19  1  45  14.76   1.00
 1  19  1  47  14.71   1.00
 1  19  1  49  14.89   1.00
 1  19  1  50  11.34   1.00
 1  19  1  51  11.88   1.00
 1  19  1  52  11.77   1.00
 1  19  1  53  14.94   1.00
 1  20  1  25   6.26   1.00
 1  20  1  26   5.36   1.00
 1  20  1  27   9.15   1.00
 1  20  1  28   9.99   1.00
 1  20  1  29   7.78   1.00
 1  20  1  30   9.55   1.00
 1  20  1  31  12.56   1.00
 1  20  1  32  12.92   1.00
 1  20  1  33  13.38   1.00
 1  20  1  45  13.41   1.00
 1  20  1  46  14.49   1.00
 1  20  1  47  13.37   1.00
 1  20  1  49  14.93   1.00
 1  20  1  50  11.18   1.00
 1  20  1  51  12.19   1.00
 1  20  1  52  11.60   1.00
 1  20  1  53  14.91   1.00
 1  21  1  26   7.67   1.00
 1  21  1  27  11.16   1.00
 1  21  1  28  12.21   1.00
 1  21  1  29  10.81   1.00
 1  21  1  30  12.93   1.00
 1  21  1  45  14.82   1.00
 1  21  1  47  13.71   1.00
 1  21  1  50  12.36   1.00
 1  21  1  51  14.26   1.00
 1  21  1  52  14.03   1.00
 1  22  1  27   9.01   1.00
 1  22  1  28  10.85   1.00
 1  22  1  29  10.57   1.00
 1  22  1  30  12.31   1.00
 1  22  1  31  14.39   1.00
 1  22  1  44  14.88   1.00
 1  22  1  45  12.08   1.00
 1  22  1  46  13.35   1.00
 1  22  1  47  11.32   1.00
 1  22  1  48  14.75   1.00
 1  22  1  49  14.64   1.00
 1  22  1  50  11.23   1.00
 1  22  1  51  13.04   1.00
 1  22  1  52  12.39   1.00
 1  23  1  28   9.19   1.00
 1  23  1  29   9.72   1.00
 1  23  1  30  10.57   1.00
 1  23  1  31  12.21   1.00
 1  23  1  32  14.29   1.00
 1  23  1  43  12.26   1.00
 1  23  1  44  11.15   1.00
 1  23  1  45   8.55   1.00
 1  23  1  46  10.42   1.00
 1  23  1  47   9.04   1.00
 1  23  1  48  12.77   1.00
 1  23  1  49  13.07   1.00
 1  23  1  50   9.76   1.00
 1  23  1  51  10.87   1.00
 1  23  1  52   9.57   1.00
 1  23  1  53  12.53   1.00
 1  23  1  54  14.18   1.00
 1  24  1  29   8.70   1.00
 1  24  1  30  10.38   1.00
 1  24  1  31  11.04   1.00
 1  24  1  32  12.80   1.00
 1  24  1  33  14.89   1.00
 1  24  1  43  12.22   1.00
 1  24  1  44  12.19   1.00
 1  24  1  45  10.62   1.00
 1  24  1  46  13.32   1.00
 1  24  1  47  12.44   1.00
 1  24  1  50  13.35   1.00
 1  24  1  51  13.88   1.00
 1  24  1  52  11.76   1.00
 1  24  1  53  14.07   1.00
 1  24  1  54  14.76   1.00
 1  25  1  30   8.55   1.00
 1  25  1  31   9.72   1.00
 1  25  1  32  10.48   1.00
 1  25  1  33  12.57   1.00
 1  25  1  34  14.34   1.00
 1  25  1  43  13.56   1.00
 1  25  1  44  14.01   1.00
 1  25  1  45  12.56   1.00
 1  25  1  47  14.43   1.00
 1  25  1  50  14.06   1.00
 1  25  1  51  14.35   1.00
 1  25  1  52  12.23   1.00
 1  25  1  53  14.66   1.00
 1  26  1  31   8.22   1.00
 1  26  1  32   9.75   1.00
 1  26  1  33  10.82   1.00
 1  26  1  34  12.26   1.00
 1  26  1  35  14.02   1.00
 1  26  1  40  14.86   1.00
 1  26  1  42  14.80   1.00
 1  26  1  43  11.32   1.00
 1  26  1  44  11.35   1.00
 1  26  1  45   9.70   1.00
 1  26  1  46  11.98   1.00
 1  26  1  47  11.83   1.00
 1  26  1  49  14.54   1.00
 1  26  1  50  10.86   1.00
 1  26  1  51  10.70   1.00
 1  26  1  52   8.57   1.00
 1  26  1  53  11.21   1.00
 1  26  1  54  12.31   1.00
 1  27  1  32   8.68   1.00
 1  27  1  33  10.30   1.00
 1  27  1  34  10.71   1.00
 1  27  1  35  12.14   1.00
 1  27  1  36  14.75   1.00
 1  27  1  39  13.39   1.00
 1  27  1  40  11.76   1.00
 1  27  1  41  12.52   1.00
 1  27  1  42  11.41   1.00
 1  27  1  43   8.20   1.00
 1  27  1  44   9.09   1.00
 1  27  1  45   8.62   1.00
 1  27  1  46  11.83   1.00
 1  27  1  47  12.48   1.00
 1  27  1  50  12.49   1.00
 1  27  1  51  11.54   1.00
 1  27  1  52   8.43   1.00
 1  27  1  53   9.93   1.00
 1  27  1  54  10.02   1.00
 1  27  1  55  13.42   1.00
 1  27  1  56  14.98   1.00
 1  28  1  33   8.63   1.00
 1  28  1  34   9.72   1.00
 1  28  1  35  10.09   1.00
 1  28  1  36  12.59   1.00
 1  28  1  37  14.40   1.00
 1  28  1  38  14.30   1.00
 1  28  1  39  12.92   1.00
 1  28  1  40  11.31   1.00
 1  28  1  41  12.94   1.00
 1  28  1  42  12.94   1.00
 1  28  1  43  10.48   1.00
 1  28  1  44  12.30   1.00
 1  28  1  45  12.34   1.00
 1  28  1  51  14.68   1.00
 1  28  1  52  11.52   1.00
 1  28  1  53  12.62   1.00
 1  28  1  54  11.96   1.00
 1  28  1  55  14.95   1.00
 1  29  1  34   9.14   1.00
 1  29  1  35  10.14   1.00
 1  29  1  36  11.58   1.00
 1  29  1  37  13.64   1.00
 1  29  1  38  14.57   1.00
 1  29  1  39  13.47   1.00
 1  29  1  40  12.93   1.00
 1  29  1  43  12.40   1.00
 1  29  1  44  13.72   1.00
 1  29  1  45  13.19   1.00
 1  29  1  50  14.73   1.00
 1  29  1  51  13.68   1.00
 1  29  1  52  11.06   1.00
 1  29  1  53  12.68   1.00
 1  29  1  54  12.68   1.00
 1  30  1  35   8.56   1.00
 1  30  1  36  10.11   1.00
 1  30  1  37  11.22   1.00
 1  30  1  38  12.21   1.00
 1  30  1  39  10.56   1.00
 1  30  1  40  10.57   1.00
 1  30  1  41  12.76   1.00
 1  30  1  42  12.68   1.00
 1  30  1  43  10.00   1.00
 1  30  1  44  11.36   1.00
 1  30  1  45  11.30   1.00
 1  30  1  46  13.73   1.00
 1  30  1  50  13.30   1.00
 1  30  1  51  11.38   1.00
 1  30  1  52   8.43   1.00
 1  30  1  53   9.41   1.00
 1  30  1  54   9.32   1.00
 1  30  1  55  12.50   1.00
 1  30  1  56  13.81   1.00
 1  31  1  36   8.83   1.00
 1  31  1  37   9.92   1.00
 1  31  1  38   9.84   1.00
 1  31  1  39   8.32   1.00
 1  31  1  40   7.46   1.00
 1  31  1  41   9.89   1.00
 1  31  1  42  10.59   1.00
 1  31  1  43   8.76   1.00
 1  31  1  44  11.28   1.00
 1  31  1  45  12.31   1.00
 1  31  1  51  13.97   1.00
 1  31  1  52  10.47   1.00
 1  31  1  53  10.35   1.00
 1  31  1  54   8.84   1.00
 1  31  1  55  11.35   1.00
 1  31  1  56  11.74   1.00
 1  32  1  37   9.32   1.00
 1  32  1  38   9.99   1.00
 1  32  1  39   9.89   1.00
 1  32  1  40   9.71   1.00
 1  32  1  41  12.81   1.00
 1  32  1  42  14.12   1.00
 1  32  1  43  12.55   1.00
 1  32  1  52  13.43   1.00
 1  32  1  53  13.64   1.00
 1  32  1  54  12.28   1.00
 1  32  1  55  14.52   1.00
 1  32  1  56  14.44   1.00
 1  33  1  38   9.03   1.00
 1  33  1  39   8.88   1.00
 1  33  1  40  10.11   1.00
 1  33  1  41  13.39   1.00
 1  33  1  42  14.59   1.00
 1  33  1  43  12.99   1.00
 1  33  1  52  12.46   1.00
 1  33  1  53  12.44   1.00
 1  33  1  54  11.40   1.00
 1  33  1  55  13.51   1.00
 1  33  1  56  13.75   1.00
 1  34  1  39   5.12   1.00
 1  34  1  40   6.82   1.00
 1  34  1  41  10.14   1.00
 1  34  1  42  11.66   1.00
 1  34  1  43  10.78   1.00
 1  34  1  44  13.31   1.00
 1  34  1  45  14.82   1.00
 1  34  1  52  11.88   1.00
 1  34  1  53  10.74   1.00
 1  34  1  54   8.78   1.00
 1  34  1  55  10.17   1.00
 1  34  1  56  10.03   1.00
 1  35  1  40   6.74   1.00
 1  35  1  41  10.50   1.00
 1  35  1  42  12.92   1.00
 1  35  1  43  12.68   1.00
 1  35  1  53  14.05   1.00
 1  35  1  54  11.60   1.00
 1  35  1  55  12.49   1.00
 1  35  1  56  11.29   1.00
 1  36  1  41  13.90   1.00
 1  36  1  54  14.04   1.00
 1  36  1  55  14.87   1.00
 1  36  1  56  13.80   1.00
 1  37  1  42  14.88   1.00
 1  37  1  43  14.97   1.00
 1  37  1  53  14.73   1.00
 1  37  1  54  12.45   1.00
 1  37  1  55  12.50   1.00
 1  37  1  56  11.23   1.00
 1  38  1  43  13.61   1.00
 1  38  1  53  14.80   1.00
 1  38  1  54  11.76   1.00
 1  38  1  55  11.13   1.00
 1  38  1  56   8.91   1.00
 1  39  1  44  13.16   1.00
 1  39  1  52  13.77   1.00
 1  39  1  53  11.28   1.00
 1  39  1  54   8.04   1.00
 1  39  1  55   7.38   1.00
 1  39  1  56   5.66   1.00
 1  40  1  45  14.64   1.00
 1  40  1  52  13.72   1.00
 1  40  1  53  11.41   1.00
 1  40  1  54   7.85   1.00
 1  40  1  55   7.52   1.00
 1  40  1  56   5.62   1.00
 1  41  1  52  13.88   1.00
 1  41  1  53  11.19   1.00
 1  41  1  54   7.52   1.00
 1  41  1  55   6.45   1.00
 1  42  1  52  11.62   1.00
 1  42  1  53   8.95   1.00
 1  42  1  54   5.88   1.00
 1  42  1  55   5.55   1.00
 1  42  1  56   6.11   1.00
 1  43  1  50  14.16   1.00
 1  43  1  51  11.71   1.00
 1  43  1  52   8.19   1.00
 1  43  1  53   6.31   1.00
 1  43  1  55   6.54   1.00
 1  43  1  56   8.50   1.00
 1  44  1  49  12.66   1.00
 1  44  1  50  11.33   1.00
 1  44  1  51   9.17   1.00
 1  44  1  52   6.37   1.00
 1  44  1  53   5.14   1.00
 1  44  1  54   5.68   1.00
 1  44  1  55   8.20   1.00
 1  44  1  56  11.18   1.00
 1  45  1  50   7.90   1.00
 1  45  1  51   6.67   1.00
 1  45  1  53   6.03   1.00
 1  45  1  54   8.29   1.00
 1  45  1  55  11.42   1.00
 1  45  1  56  14.60   1.00
 1  46  1  51   5.05   1.00
 1  46  1  52   5.72   1.00
 1  46  1  53   7.35   1.00
 1  46  1  54  10.57   1.00
 1  46  1  55  13.41   1.00
 1  47  1  52   8.09   1.00
 1  47  1  53  10.68   1.00
 1  47  1  54  13.82   1.00
 1  48  1  53  12.17   1.00
0 1.00
