GLY GLY
  2.00   2.00   2.00   2.00   2.00  -1.88  -0.10   1.49 
GLY ALA
  2.00   2.00   2.00   2.00   2.00  -1.99   0.59   2.00 
GLY SER
  2.00   2.00   2.00   2.00   2.00  -1.86  -0.16   1.04 
GLY CYS
  2.00   2.00   2.00   2.00   2.00  -1.86  -0.25   1.23 
GLY VAL
  2.00   2.00   2.00   2.00   2.00  -1.87  -0.09   1.07 
GLY THR
  2.00   2.00   2.00   2.00   2.00  -1.80  -0.46   1.29 
GLY ILE
  2.00   2.00   2.00   2.00   2.00  -1.95   0.31   1.40 
GLY PRO
  2.00   2.00   2.00   2.00   2.00  -1.27  -1.45   1.69 
GLY MET
  2.00   2.00   2.00   2.00   2.00  -1.99   0.56   2.00 
GLY ASP
  2.00   2.00   2.00   2.00   2.00  -1.88  -0.14   1.39 
GLY ASN
  2.00   2.00   2.00   2.00   2.00  -1.89  -0.10   1.54 
GLY LEU
  2.00   2.00   2.00   2.00   2.00  -1.97   0.56   1.46 
GLY LYS
  2.00   2.00   2.00   2.00   2.00  -1.88  -0.20   2.00 
GLY GLU
  2.00   2.00   2.00   2.00   2.00  -1.92  -0.08   2.00 
GLY GLN
  2.00   2.00   2.00   2.00   2.00  -1.95   0.21   1.85 
GLY ARG
  2.00   2.00   2.00   2.00   2.00  -1.87  -0.19   1.43 
GLY HIS
  2.00   2.00   2.00   2.00   2.00  -1.91  -0.03   2.00 
GLY PHE
  2.00   2.00   2.00   2.00   2.00  -1.92   0.24   1.18 
GLY TYR
  2.00   2.00   2.00   2.00   2.00  -1.93   0.24   1.40 
GLY TRP
  2.00   2.00   2.00   2.00   2.00  -1.86  -0.24   1.15 
ALA GLY
  2.00   2.00   2.00   2.00   2.00  -1.96   0.18   2.00 
ALA ALA
  2.00   2.00   2.00   2.00   2.00  -2.04   1.32   2.00 
ALA SER
  2.00   2.00   2.00   2.00   2.00  -1.99   0.53   2.00 
ALA CYS
  2.00   2.00   2.00   2.00   2.00  -2.01   0.73   2.00 
ALA VAL
  2.00   2.00   2.00   2.00   2.00  -2.01   0.80   2.00 
ALA THR
  2.00   2.00   2.00   2.00   2.00  -1.98   0.45   2.00 
ALA ILE
  2.00   2.00   2.00   2.00   2.00  -2.02   1.04   2.00 
ALA PRO
  2.00   2.00   2.00   2.00   2.00  -1.07  -1.55   1.08 
ALA MET
  2.00   2.00   2.00   2.00   2.00  -2.05   1.52   2.00 
ALA ASP
  2.00   2.00   2.00   2.00   2.00  -1.97   0.34   2.00 
ALA ASN
  2.00   2.00   2.00   2.00   2.00  -2.00   0.83   2.00 
ALA LEU
  2.00   2.00   2.00   2.00   2.00  -2.03   1.25   2.00 
ALA LYS
  2.00   2.00   2.00   2.00   2.00  -2.02   0.93   2.00 
ALA GLU
  2.00   2.00   2.00   2.00   2.00  -2.04   1.27   2.00 
ALA GLN
  2.00   2.00   2.00   2.00   2.00  -2.03   1.23   2.00 
ALA ARG
  2.00   2.00   2.00   2.00   2.00  -2.04   1.25   2.00 
ALA HIS
  2.00   2.00   2.00   2.00   2.00  -2.01   0.79   2.00 
ALA PHE
  2.00   2.00   2.00   2.00   2.00  -2.03   1.06   2.00 
ALA TYR
  2.00   2.00   2.00   2.00   2.00  -2.02   0.79   2.00 
ALA TRP
  2.00   2.00   2.00   2.00   2.00  -2.04   1.25   2.00 
SER GLY
  2.00   2.00   2.00   2.00   2.00  -1.95   0.16   2.00 
SER ALA
  2.00   2.00   2.00   2.00   2.00  -2.01   0.87   2.00 
SER SER
  2.00   2.00   2.00   2.00   2.00  -1.92   0.04   1.84 
SER CYS
  2.00   2.00   2.00   2.00   2.00  -1.99   0.43   2.00 
SER VAL
  2.00   2.00   2.00   2.00   2.00  -1.99   0.61   2.00 
SER THR
  2.00   2.00   2.00   2.00   1.98  -1.90   0.08   1.53 
SER ILE
  2.00   2.00   2.00   2.00   2.00  -2.01   0.82   2.00 
SER PRO
  2.00   2.00   2.00   2.00   2.00  -0.88  -1.63   0.77 
SER MET
  2.00   2.00   2.00   2.00   2.00  -2.01   0.85   1.95 
SER ASP
  2.00   2.00   2.00   2.00   2.00  -1.92   0.06   1.50 
SER ASN
  2.00   2.00   2.00   2.00   2.00  -1.95   0.24   1.66 
SER LEU
  2.00   2.00   2.00   2.00   2.00  -2.02   1.13   2.00 
SER LYS
  2.00   2.00   2.00   2.00   2.00  -1.97   0.26   2.00 
SER GLU
  2.00   2.00   2.00   2.00   2.00  -1.99   0.69   2.00 
SER GLN
  2.00   2.00   2.00   2.00   2.00  -2.00   0.69   2.00 
SER ARG
  2.00   2.00   2.00   2.00   2.00  -1.99   0.59   2.00 
SER HIS
  2.00   2.00   2.00   2.00   2.00  -1.91  -0.03   1.69 
SER PHE
  2.00   2.00   2.00   2.00   2.00  -2.01   0.70   2.00 
SER TYR
  2.00   2.00   2.00   2.00   2.00  -1.99   0.67   1.81 
SER TRP
  2.00   2.00   2.00   2.00   2.00  -2.00   0.63   2.00 
CYS GLY
  2.00   2.00   2.00   2.00   2.00  -1.88  -0.11   1.37 
CYS ALA
  2.00   2.00   2.00   2.00   2.00  -2.01   1.03   2.00 
CYS SER
  2.00   2.00   2.00   2.00   2.00  -1.92  -0.17   2.00 
CYS CYS
  2.00   2.00   2.00   2.00   2.00  -1.78  -0.74   2.00 
CYS VAL
  2.00   2.00   2.00   2.00   2.00  -1.95   0.15   2.00 
CYS THR
  2.00   2.00   2.00   2.00   2.00  -1.96   0.44   1.45 
CYS ILE
  2.00   2.00   2.00   2.00   2.00  -1.97   0.41   1.92 
CYS PRO
  2.00   2.00   2.00   2.00   2.00  -1.36  -1.24   0.43 
CYS MET
  2.00   2.00   2.00   2.00   2.00  -2.00   0.81   1.91 
CYS ASP
  2.00   2.00   2.00   2.00   2.00  -1.93   0.21   1.30 
CYS ASN
  2.00   2.00   2.00   2.00   2.00  -1.98   0.40   2.00 
CYS LEU
  2.00   2.00   2.00   2.00   2.00  -2.01   0.95   2.00 
CYS LYS
  2.00   2.00   2.00   2.00   2.00  -1.99   0.52   2.00 
CYS GLU
  2.00   2.00   2.00   2.00   2.00  -2.01   0.98   2.00 
CYS GLN
  2.00   2.00   2.00   2.00   2.00  -1.92  -0.05   2.00 
CYS ARG
  2.00   2.00   2.00   2.00   2.00  -1.99   0.37   2.00 
CYS HIS
  2.00   2.00   2.00   2.00   2.00  -1.97   0.39   2.00 
CYS PHE
  2.00   2.00   2.00   2.00   2.00  -1.97   0.29   2.00 
CYS TYR
  2.00   2.00   2.00   2.00   2.00  -2.03   1.30   2.00 
CYS TRP
  2.00   2.00   2.00   2.00   2.00  -1.95   0.06   2.00 
VAL GLY
  2.00   2.00   2.00   2.00   2.00  -1.96   0.17   2.00 
VAL ALA
  2.00   2.00   2.00   2.00   2.00  -2.04   1.29   2.00 
VAL SER
  2.00   2.00   2.00   2.00   2.00  -2.02   0.95   2.00 
VAL CYS
  2.00   2.00   2.00   2.00   2.00  -1.92   0.14   1.39 
VAL VAL
  2.00   2.00   2.00   2.00   2.00  -1.98   0.37   2.00 
VAL THR
  2.00   2.00   2.00   2.00   2.00  -2.00   0.59   2.00 
VAL ILE
  2.00   2.00   2.00   2.00   2.00  -1.98   0.34   2.00 
VAL PRO
  2.00   2.00   2.00   2.00   2.00  -1.44  -1.28   1.76 
VAL MET
  2.00   2.00   2.00   2.00   2.00  -2.05   1.33   2.00 
VAL ASP
  2.00   2.00   2.00   2.00   2.00  -2.01   0.90   2.00 
VAL ASN
  2.00   2.00   2.00   2.00   2.00  -2.02   0.96   2.00 
VAL LEU
  2.00   2.00   2.00   2.00   2.00  -2.02   0.92   2.00 
VAL LYS
  2.00   2.00   2.00   2.00   2.00  -2.03   1.17   2.00 
VAL GLU
  2.00   2.00   2.00   2.00   2.00  -2.02   1.03   2.00 
VAL GLN
  2.00   2.00   2.00   2.00   2.00  -2.04   1.51   2.00 
VAL ARG
  2.00   2.00   2.00   2.00   2.00  -2.04   1.49   2.00 
VAL HIS
  2.00   2.00   2.00   2.00   2.00  -2.02   1.04   2.00 
VAL PHE
  2.00   2.00   2.00   2.00   2.00  -2.01   0.81   2.00 
VAL TYR
  2.00   2.00   2.00   2.00   2.00  -1.97   0.41   2.00 
VAL TRP
  2.00   2.00   2.00   2.00   2.00  -2.03   1.38   2.00 
THR GLY
  2.00   2.00   2.00   2.00   2.00  -1.87  -0.24   1.78 
THR ALA
  2.00   2.00   2.00   2.00   2.00  -2.01   0.79   2.00 
THR SER
  2.00   2.00   2.00   2.00   2.00  -1.93   0.07   2.00 
THR CYS
  2.00   2.00   2.00   2.00   1.67  -1.98   0.98   1.67 
THR VAL
  2.00   2.00   2.00   2.00   2.00  -2.00   0.70   2.00 
THR THR
  2.00   2.00   2.00   2.00   2.00  -1.93   0.07   2.00 
THR ILE
  2.00   2.00   2.00   2.00   2.00  -2.00   0.61   2.00 
THR PRO
  2.00   2.00   2.00   2.00   2.00  -1.15  -1.50   1.13 
THR MET
  2.00   2.00   2.00   2.00   2.00  -2.02   1.03   2.00 
THR ASP
  2.00   2.00   2.00   2.00   2.00  -1.94   0.23   1.78 
THR ASN
  2.00   2.00   2.00   2.00   2.00  -1.98   0.51   2.00 
THR LEU
  2.00   2.00   2.00   2.00   2.00  -2.02   0.99   2.00 
THR LYS
  2.00   2.00   2.00   2.00   2.00  -1.98   0.46   2.00 
THR GLU
  2.00   2.00   2.00   2.00   2.00  -2.00   0.63   2.00 
THR GLN
  2.00   2.00   2.00   2.00   2.00  -2.01   0.83   2.00 
THR ARG
  2.00   2.00   2.00   2.00   2.00  -2.02   0.79   2.00 
THR HIS
  2.00   2.00   2.00   2.00   2.00  -1.96   0.20   2.00 
THR PHE
  2.00   2.00   2.00   2.00   2.00  -1.99   0.60   2.00 
THR TYR
  2.00   2.00   2.00   2.00   2.00  -1.96   0.24   2.00 
THR TRP
  2.00   2.00   2.00   2.00   2.00  -1.93  -0.06   2.00 
ILE GLY
  2.00   2.00   2.00   2.00   2.00  -1.96   0.30   2.00 
ILE ALA
  2.00   2.00   2.00   2.00   2.00  -2.04   1.52   2.00 
ILE SER
  2.00   2.00   2.00   2.00   2.00  -2.03   1.04   2.00 
ILE CYS
  2.00   2.00   2.00   2.00   2.00  -1.97   0.29   2.00 
ILE VAL
  2.00   2.00   2.00   2.00   2.00  -1.96   0.14   2.00 
ILE THR
  2.00   2.00   2.00   2.00   2.00  -2.01   1.00   1.96 
ILE ILE
  2.00   2.00   2.00   2.00   2.00  -2.00   0.66   2.00 
ILE PRO
  2.00   2.00   2.00   2.00   2.00  -1.56  -1.09   1.40 
ILE MET
  2.00   2.00   2.00   2.00   2.00  -2.01   0.88   2.00 
ILE ASP
  2.00   2.00   2.00   2.00   2.00  -2.01   1.07   2.00 
ILE ASN
  2.00   2.00   2.00   2.00   2.00  -2.00   0.90   2.00 
ILE LEU
  2.00   2.00   2.00   2.00   2.00  -2.02   0.90   2.00 
ILE LYS
  2.00   2.00   2.00   2.00   2.00  -2.04   1.22   2.00 
ILE GLU
  2.00   2.00   2.00   2.00   2.00  -2.03   1.24   2.00 
ILE GLN
  2.00   2.00   2.00   2.00   2.00  -2.03   1.37   2.00 
ILE ARG
  2.00   2.00   2.00   2.00   2.00  -2.03   1.16   2.00 
ILE HIS
  2.00   2.00   2.00   2.00   2.00  -2.01   0.89   2.00 
ILE PHE
  2.00   2.00   2.00   2.00   2.00  -1.98   0.44   2.00 
ILE TYR
  2.00   2.00   2.00   2.00   2.00  -2.00   0.66   2.00 
ILE TRP
  2.00   2.00   2.00   2.00   2.00  -2.00   0.74   2.00 
PRO GLY
  2.00   2.00   2.00   2.00   2.00  -2.02   1.10   2.00 
PRO ALA
  2.00   2.00   2.00   2.00   2.00  -2.03   1.32   2.00 
PRO SER
  2.00   2.00   2.00   2.00   2.00  -2.00   0.81   2.00 
PRO CYS
  2.00   2.00   2.00   2.00   2.00  -2.03   1.29   1.98 
PRO VAL
  2.00   2.00   2.00   2.00   2.00  -2.01   0.93   2.00 
PRO THR
  2.00   2.00   2.00   2.00   2.00  -1.99   0.82   1.70 
PRO ILE
  2.00   2.00   2.00   2.00   2.00  -2.04   1.63   2.00 
PRO PRO
  2.00   2.00   2.00   2.00   2.00  -1.56  -1.18   2.00 
PRO MET
  2.00   2.00   2.00   2.00   2.00  -2.04   1.79   2.00 
PRO ASP
  2.00   2.00   2.00   2.00   2.00  -2.02   1.00   2.00 
PRO ASN
  2.00   2.00   2.00   2.00   2.00  -2.04   1.87   2.00 
PRO LEU
  2.00   2.00   2.00   2.00   2.00  -2.06   2.00   2.00 
PRO LYS
  2.00   2.00   2.00   2.00   2.00  -2.01   0.67   2.00 
PRO GLU
  2.00   2.00   2.00   2.00   2.00  -2.03   1.37   2.00 
PRO GLN
  2.00   2.00   2.00   2.00   2.00  -2.03   1.40   2.00 
PRO ARG
  2.00   2.00   2.00   2.00   2.00  -2.04   1.37   2.00 
PRO HIS
  2.00   2.00   2.00   2.00   2.00  -2.04   1.16   2.00 
PRO PHE
  2.00   2.00   2.00   2.00   2.00  -2.05   1.74   2.00 
PRO TYR
  2.00   2.00   2.00   2.00   2.00  -2.03   1.04   2.00 
PRO TRP
  2.00   2.00   2.00   2.00   2.00  -2.03   1.45   2.00 
MET GLY
  2.00   2.00   2.00   2.00   2.00  -1.91  -0.01   2.00 
MET ALA
  2.00   2.00   2.00   2.00   2.00  -2.02   1.05   2.00 
MET SER
  2.00   2.00   2.00   2.00   2.00  -2.00   0.56   2.00 
MET CYS
  2.00   2.00   2.00   2.00   1.81  -1.90  -0.13   2.00 
MET VAL
  2.00   2.00   2.00   2.00   2.00  -1.97   0.28   2.00 
MET THR
  2.00   2.00   2.00   2.00   2.00  -1.96   0.33   2.00 
MET ILE
  2.00   2.00   2.00   2.00   2.00  -2.00   0.63   2.00 
MET PRO
  2.00   2.00   2.00   2.00   2.00  -1.32  -1.42   2.00 
MET MET
  2.00   2.00   2.00   2.00   2.00  -2.03   1.40   2.00 
MET ASP
  2.00   2.00   2.00   2.00   2.00  -1.98   0.52   2.00 
MET ASN
  2.00   2.00   2.00   2.00   2.00  -2.01   0.63   2.00 
MET LEU
  2.00   2.00   2.00   2.00   2.00  -2.02   0.94   2.00 
MET LYS
  2.00   2.00   2.00   2.00   2.00  -2.01   0.82   2.00 
MET GLU
  2.00   2.00   2.00   2.00   2.00  -2.04   1.32   2.00 
MET GLN
  2.00   2.00   2.00   2.00   2.00  -2.04   1.40   2.00 
MET ARG
  2.00   2.00   2.00   2.00   2.00  -2.04   1.61   2.00 
MET HIS
  2.00   2.00   2.00   2.00   2.00  -2.03   1.21   2.00 
MET PHE
  2.00   2.00   2.00   2.00   2.00  -2.02   1.14   2.00 
MET TYR
  2.00   2.00   2.00   2.00   2.00  -1.98   0.38   2.00 
MET TRP
  2.00   2.00   2.00   2.00   2.00  -2.04   1.27   2.00 
ASP GLY
  2.00   2.00   2.00   2.00   2.00  -1.91  -0.06   2.00 
ASP ALA
  2.00   2.00   2.00   2.00   2.00  -2.03   1.15   2.00 
ASP SER
  2.00   2.00   2.00   2.00   2.00  -1.95   0.28   2.00 
ASP CYS
  2.00   2.00   2.00   2.00   2.00  -1.99   0.46   2.00 
ASP VAL
  2.00   2.00   2.00   2.00   2.00  -1.96   0.38   1.71 
ASP THR
  2.00   2.00   2.00   2.00   2.00  -1.94   0.16   1.95 
ASP ILE
  2.00   2.00   2.00   2.00   2.00  -1.98   0.53   2.00 
ASP PRO
  2.00   2.00   2.00   2.00   2.00  -0.99  -1.61   1.21 
ASP MET
  2.00   2.00   2.00   2.00   2.00  -2.03   1.12   2.00 
ASP ASP
  2.00   2.00   2.00   2.00   2.00  -1.92  -0.00   2.00 
ASP ASN
  2.00   2.00   2.00   2.00   2.00  -1.95   0.13   2.00 
ASP LEU
  2.00   2.00   2.00   2.00   2.00  -2.02   1.07   2.00 
ASP LYS
  2.00   2.00   2.00   2.00   2.00  -1.97   0.46   2.00 
ASP GLU
  2.00   2.00   2.00   2.00   2.00  -1.99   0.59   2.00 
ASP GLN
  2.00   2.00   2.00   2.00   2.00  -2.02   0.98   2.00 
ASP ARG
  2.00   2.00   2.00   2.00   2.00  -1.99   0.68   2.00 
ASP HIS
  2.00   2.00   2.00   2.00   2.00  -1.96   0.41   1.87 
ASP PHE
  2.00   2.00   2.00   2.00   2.00  -2.00   0.76   2.00 
ASP TYR
  2.00   2.00   2.00   2.00   2.00  -1.98   0.46   2.00 
ASP TRP
  2.00   2.00   2.00   2.00   2.00  -2.02   1.05   2.00 
ASN GLY
  2.00   2.00   2.00   2.00   2.00  -1.89  -0.29   2.00 
ASN ALA
  2.00   2.00   2.00   2.00   2.00  -1.99   0.57   2.00 
ASN SER
  2.00   2.00   2.00   2.00   2.00  -1.83  -0.34   1.12 
ASN CYS
  2.00   2.00   2.00   2.00   2.00  -1.89  -0.08   1.71 
ASN VAL
  2.00   2.00   2.00   2.00   2.00  -1.95   0.22   1.78 
ASN THR
  2.00   2.00   2.00   2.00   2.00  -1.83  -0.42   1.59 
ASN ILE
  2.00   2.00   2.00   2.00   2.00  -1.98   0.60   1.90 
ASN PRO
  2.00   2.00   2.00   2.00   2.00  -0.73  -1.72   1.08 
ASN MET
  2.00   2.00   2.00   2.00   2.00  -1.97   0.48   2.00 
ASN ASP
  2.00   2.00   2.00   2.00   2.00  -1.84  -0.34   1.55 
ASN ASN
  2.00   2.00   2.00   2.00   2.00  -1.91  -0.06   2.00 
ASN LEU
  2.00   2.00   2.00   2.00   2.00  -2.01   0.73   2.00 
ASN LYS
  2.00   2.00   2.00   2.00   2.00  -1.91  -0.13   2.00 
ASN GLU
  2.00   2.00   2.00   2.00   2.00  -1.91   0.07   1.53 
ASN GLN
  2.00   2.00   2.00   2.00   2.00  -1.92   0.13   1.82 
ASN ARG
  2.00   2.00   2.00   2.00   2.00  -1.92  -0.10   2.00 
ASN HIS
  2.00   2.00   2.00   2.00   2.00  -1.98   0.30   2.00 
ASN PHE
  2.00   2.00   2.00   2.00   2.00  -1.96   0.17   2.00 
ASN TYR
  2.00   2.00   2.00   2.00   2.00  -1.96   0.34   2.00 
ASN TRP
  2.00   2.00   2.00   2.00   2.00  -1.96   0.46   1.56 
LEU GLY
  2.00   2.00   2.00   2.00   2.00  -1.88  -0.22   2.00 
LEU ALA
  2.00   2.00   2.00   2.00   2.00  -2.02   1.13   2.00 
LEU SER
  2.00   2.00   2.00   2.00   2.00  -2.00   0.71   2.00 
LEU CYS
  2.00   2.00   2.00   2.00   2.00  -1.96   0.18   2.00 
LEU VAL
  2.00   2.00   2.00   2.00   2.00  -1.98   0.44   2.00 
LEU THR
  2.00   2.00   2.00   2.00   2.00  -1.99   0.71   1.86 
LEU ILE
  2.00   2.00   2.00   2.00   2.00  -2.01   0.85   2.00 
LEU PRO
  2.00   2.00   2.00   2.00   2.00  -1.50  -1.16   1.10 
LEU MET
  2.00   2.00   2.00   2.00   2.00  -2.03   0.98   2.00 
LEU ASP
  2.00   2.00   2.00   2.00   2.00  -2.00   0.66   2.00 
LEU ASN
  2.00   2.00   2.00   2.00   2.00  -2.00   0.69   2.00 
LEU LEU
  2.00   2.00   2.00   2.00   2.00  -2.02   1.05   2.00 
LEU LYS
  2.00   2.00   2.00   2.00   2.00  -2.02   0.92   2.00 
LEU GLU
  2.00   2.00   2.00   2.00   2.00  -2.02   1.00   2.00 
LEU GLN
  2.00   2.00   2.00   2.00   2.00  -2.03   1.28   2.00 
LEU ARG
  2.00   2.00   2.00   2.00   2.00  -2.04   1.39   2.00 
LEU HIS
  2.00   2.00   2.00   2.00   2.00  -1.97   0.54   1.95 
LEU PHE
  2.00   2.00   2.00   2.00   2.00  -2.00   0.67   2.00 
LEU TYR
  2.00   2.00   2.00   2.00   2.00  -2.01   0.80   2.00 
LEU TRP
  2.00   2.00   2.00   2.00   2.00  -2.01   1.12   1.63 
LYS GLY
  2.00   2.00   2.00   2.00   2.00  -1.92  -0.02   2.00 
LYS ALA
  2.00   2.00   2.00   2.00   2.00  -2.01   0.81   2.00 
LYS SER
  2.00   2.00   2.00   2.00   2.00  -1.94   0.04   2.00 
LYS CYS
  2.00   2.00   2.00   2.00   2.00  -1.95   0.20   2.00 
LYS VAL
  2.00   2.00   2.00   2.00   2.00  -1.97   0.27   2.00 
LYS THR
  2.00   2.00   2.00   2.00   2.00  -1.94   0.14   1.94 
LYS ILE
  2.00   2.00   2.00   2.00   2.00  -2.01   0.73   2.00 
LYS PRO
  2.00   2.00   2.00   2.00   2.00  -0.75  -1.71   1.36 
LYS MET
  2.00   2.00   2.00   2.00   2.00  -2.01   0.84   2.00 
LYS ASP
  2.00   2.00   2.00   2.00   2.00  -1.93   0.07   1.90 
LYS ASN
  2.00   2.00   2.00   2.00   2.00  -1.95   0.21   2.00 
LYS LEU
  2.00   2.00   2.00   2.00   2.00  -2.02   0.96   2.00 
LYS LYS
  2.00   2.00   2.00   2.00   2.00  -1.97   0.42   2.00 
LYS GLU
  2.00   2.00   2.00   2.00   2.00  -1.97   0.39   2.00 
LYS GLN
  2.00   2.00   2.00   2.00   2.00  -2.01   0.90   2.00 
LYS ARG
  2.00   2.00   2.00   2.00   2.00  -1.98   0.54   2.00 
LYS HIS
  2.00   2.00   2.00   2.00   2.00  -1.94   0.00   2.00 
LYS PHE
  2.00   2.00   2.00   2.00   2.00  -1.99   0.52   2.00 
LYS TYR
  2.00   2.00   2.00   2.00   2.00  -1.97   0.27   2.00 
LYS TRP
  2.00   2.00   2.00   2.00   2.00  -2.02   0.86   2.00 
GLU GLY
  2.00   2.00   2.00   2.00   2.00  -1.97   0.32   2.00 
GLU ALA
  2.00   2.00   2.00   2.00   2.00  -2.04   1.43   2.00 
GLU SER
  2.00   2.00   2.00   2.00   2.00  -1.97   0.45   2.00 
GLU CYS
  2.00   2.00   2.00   2.00   2.00  -1.98   0.36   2.00 
GLU VAL
  2.00   2.00   2.00   2.00   2.00  -2.03   1.04   2.00 
GLU THR
  2.00   2.00   2.00   2.00   2.00  -1.98   0.45   2.00 
GLU ILE
  2.00   2.00   2.00   2.00   2.00  -2.03   1.00   2.00 
GLU PRO
  2.00   2.00   2.00   2.00   2.00  -0.99  -1.65   2.00 
GLU MET
  2.00   2.00   2.00   2.00   2.00  -2.04   1.34   2.00 
GLU ASP
  2.00   2.00   2.00   2.00   2.00  -1.95   0.15   2.00 
GLU ASN
  2.00   2.00   2.00   2.00   2.00  -1.98   0.44   2.00 
GLU LEU
  2.00   2.00   2.00   2.00   2.00  -2.04   1.37   2.00 
GLU LYS
  2.00   2.00   2.00   2.00   2.00  -1.99   0.65   2.00 
GLU GLU
  2.00   2.00   2.00   2.00   2.00  -2.01   0.88   2.00 
GLU GLN
  2.00   2.00   2.00   2.00   2.00  -2.01   0.83   2.00 
GLU ARG
  2.00   2.00   2.00   2.00   2.00  -2.03   1.15   2.00 
GLU HIS
  2.00   2.00   2.00   2.00   2.00  -2.01   0.61   2.00 
GLU PHE
  2.00   2.00   2.00   2.00   2.00  -2.02   1.08   2.00 
GLU TYR
  2.00   2.00   2.00   2.00   2.00  -2.01   0.94   2.00 
GLU TRP
  2.00   2.00   2.00   2.00   2.00  -2.03   1.02   2.00 
GLN GLY
  2.00   2.00   2.00   2.00   2.00  -1.91  -0.04   2.00 
GLN ALA
  2.00   2.00   2.00   2.00   2.00  -2.02   1.03   2.00 
GLN SER
  2.00   2.00   2.00   2.00   2.00  -1.95   0.13   2.00 
GLN CYS
  2.00   2.00   2.00   2.00   2.00  -1.97   0.45   2.00 
GLN VAL
  2.00   2.00   2.00   2.00   2.00  -2.01   0.78   2.00 
GLN THR
  2.00   2.00   2.00   2.00   2.00  -1.94   0.13   2.00 
GLN ILE
  2.00   2.00   2.00   2.00   2.00  -2.04   1.27   2.00 
GLN PRO
  2.00   2.00   2.00   2.00   2.00  -0.91  -1.63   0.88 
GLN MET
  2.00   2.00   2.00   2.00   2.00  -2.02   0.94   2.00 
GLN ASP
  2.00   2.00   2.00   2.00   2.00  -1.94   0.13   1.79 
GLN ASN
  2.00   2.00   2.00   2.00   2.00  -1.95   0.19   2.00 
GLN LEU
  2.00   2.00   2.00   2.00   2.00  -2.03   1.14   2.00 
GLN LYS
  2.00   2.00   2.00   2.00   2.00  -1.98   0.44   2.00 
GLN GLU
  2.00   2.00   2.00   2.00   2.00  -1.99   0.54   2.00 
GLN GLN
  2.00   2.00   2.00   2.00   2.00  -2.01   0.82   2.00 
GLN ARG
  2.00   2.00   2.00   2.00   2.00  -1.98   0.43   2.00 
GLN HIS
  2.00   2.00   2.00   2.00   2.00  -2.01   0.73   2.00 
GLN PHE
  2.00   2.00   2.00   2.00   2.00  -2.00   0.57   2.00 
GLN TYR
  2.00   2.00   2.00   2.00   2.00  -1.97   0.23   2.00 
GLN TRP
  2.00   2.00   2.00   2.00   1.92  -1.95   0.24   2.00 
ARG GLY
  2.00   2.00   2.00   2.00   2.00  -1.93   0.02   2.00 
ARG ALA
  2.00   2.00   2.00   2.00   2.00  -2.02   1.06   2.00 
ARG SER
  2.00   2.00   2.00   2.00   2.00  -1.97   0.27   2.00 
ARG CYS
  2.00   2.00   2.00   2.00   2.00  -1.97   0.26   2.00 
ARG VAL
  2.00   2.00   2.00   2.00   2.00  -1.98   0.48   2.00 
ARG THR
  2.00   2.00   2.00   2.00   2.00  -1.94   0.17   1.92 
ARG ILE
  2.00   2.00   2.00   2.00   2.00  -1.99   0.71   2.00 
ARG PRO
  2.00   2.00   2.00   2.00   2.00  -0.82  -1.67   0.92 
ARG MET
  2.00   2.00   2.00   2.00   2.00  -2.03   0.98   2.00 
ARG ASP
  2.00   2.00   2.00   2.00   2.00  -1.92   0.01   1.87 
ARG ASN
  2.00   2.00   2.00   2.00   2.00  -1.99   0.51   2.00 
ARG LEU
  2.00   2.00   2.00   2.00   2.00  -2.03   1.16   2.00 
ARG LYS
  2.00   2.00   2.00   2.00   2.00  -1.97   0.32   2.00 
ARG GLU
  2.00   2.00   2.00   2.00   2.00  -1.99   0.60   2.00 
ARG GLN
  2.00   2.00   2.00   2.00   2.00  -1.98   0.46   2.00 
ARG ARG
  2.00   2.00   2.00   2.00   2.00  -2.01   0.89   2.00 
ARG HIS
  2.00   2.00   2.00   2.00   2.00  -1.95   0.35   2.00 
ARG PHE
  2.00   2.00   2.00   2.00   2.00  -1.99   0.45   2.00 
ARG TYR
  2.00   2.00   2.00   2.00   2.00  -1.98   0.48   2.00 
ARG TRP
  2.00   2.00   2.00   2.00   2.00  -2.00   0.76   2.00 
HIS GLY
  2.00   2.00   2.00   2.00   1.29  -1.83  -0.28   1.99 
HIS ALA
  2.00   2.00   2.00   2.00   2.00  -2.00   0.60   2.00 
HIS SER
  2.00   2.00   2.00   2.00   2.00  -1.81  -0.60   2.00 
HIS CYS
  2.00   2.00   2.00   2.00   2.00  -1.97   0.37   1.98 
HIS VAL
  2.00   2.00   2.00   2.00   2.00  -1.96   0.23   2.00 
HIS THR
  2.00   2.00   2.00   2.00   2.00  -1.94   0.23   1.28 
HIS ILE
  2.00   2.00   2.00   2.00   2.00  -1.98   0.61   1.89 
HIS PRO
  2.00   2.00   2.00   2.00   2.00  -1.15  -1.51   1.18 
HIS MET
  2.00   2.00   2.00   2.00   2.00  -2.02   0.80   2.00 
HIS ASP
  2.00   2.00   2.00   2.00   2.00  -1.88   0.20   0.63 
HIS ASN
  2.00   2.00   2.00   2.00   2.00  -1.97   0.59   1.69 
HIS LEU
  2.00   2.00   2.00   2.00   2.00  -2.01   0.72   2.00 
HIS LYS
  2.00   2.00   2.00   2.00   2.00  -1.99   0.37   2.00 
HIS GLU
  2.00   2.00   2.00   2.00   2.00  -1.98   0.53   1.97 
HIS GLN
  2.00   2.00   2.00   2.00   2.00  -1.97   0.39   2.00 
HIS ARG
  2.00   2.00   2.00   2.00   1.92  -1.99   0.74   2.00 
HIS HIS
  2.00   2.00   2.00   2.00   2.00  -1.97   0.41   2.00 
HIS PHE
  2.00   2.00   2.00   2.00   1.76  -2.00   1.20   2.00 
HIS TYR
  2.00   2.00   2.00   2.00   2.00  -1.95   0.33   2.00 
HIS TRP
  2.00   2.00   2.00   2.00   2.00  -2.00   1.17   1.57 
PHE GLY
  2.00   2.00   2.00   2.00   2.00  -1.90  -0.22   2.00 
PHE ALA
  2.00   2.00   2.00   2.00   2.00  -2.01   1.05   2.00 
PHE SER
  2.00   2.00   2.00   2.00   2.00  -1.94   0.05   2.00 
PHE CYS
  2.00   2.00   2.00   2.00   2.00  -1.94  -0.07   2.00 
PHE VAL
  2.00   2.00   2.00   2.00   2.00  -1.93   0.03   2.00 
PHE THR
  2.00   2.00   2.00   2.00   2.00  -2.00   0.84   2.00 
PHE ILE
  2.00   2.00   2.00   2.00   2.00  -1.99   0.76   2.00 
PHE PRO
  2.00   2.00   2.00   2.00   2.00  -1.34  -1.34   0.94 
PHE MET
  2.00   2.00   2.00   2.00   2.00  -1.98   0.55   2.00 
PHE ASP
  2.00   2.00   2.00   2.00   2.00  -1.95   0.25   1.94 
PHE ASN
  2.00   2.00   2.00   2.00   2.00  -1.94   0.17   2.00 
PHE LEU
  2.00   2.00   2.00   2.00   2.00  -2.00   0.73   2.00 
PHE LYS
  2.00   2.00   2.00   2.00   2.00  -2.01   0.88   2.00 
PHE GLU
  2.00   2.00   2.00   2.00   2.00  -1.99   0.67   2.00 
PHE GLN
  2.00   2.00   2.00   2.00   2.00  -2.02   1.19   2.00 
PHE ARG
  2.00   2.00   2.00   2.00   2.00  -2.03   1.03   2.00 
PHE HIS
  2.00   2.00   2.00   2.00   2.00  -2.00   0.79   2.00 
PHE PHE
  2.00   2.00   2.00   2.00   1.90  -1.95   0.24   2.00 
PHE TYR
  2.00   2.00   2.00   2.00   2.00  -1.95   0.28   2.00 
PHE TRP
  2.00   2.00   2.00   2.00   2.00  -1.93   0.13   1.39 
TYR GLY
  2.00   2.00   2.00   2.00   2.00  -1.92  -0.08   2.00 
TYR ALA
  2.00   2.00   2.00   2.00   2.00  -2.01   0.82   2.00 
TYR SER
  2.00   2.00   2.00   2.00   2.00  -1.95   0.18   2.00 
TYR CYS
  2.00   2.00   2.00   2.00   2.00  -1.96   0.27   2.00 
TYR VAL
  2.00   2.00   2.00   2.00   2.00  -1.98   0.42   2.00 
TYR THR
  2.00   2.00   2.00   2.00   2.00  -1.92   0.05   1.79 
TYR ILE
  2.00   2.00   2.00   2.00   2.00  -1.96   0.28   1.74 
TYR PRO
  2.00   2.00   2.00   2.00   2.00  -1.09  -1.55   1.24 
TYR MET
  2.00   2.00   2.00   2.00   2.00  -2.03   1.35   1.86 
TYR ASP
  2.00   2.00   2.00   2.00   2.00  -1.98   0.52   1.98 
TYR ASN
  2.00   2.00   2.00   2.00   2.00  -1.96   0.30   2.00 
TYR LEU
  2.00   2.00   2.00   2.00   2.00  -2.00   0.67   2.00 
TYR LYS
  2.00   2.00   2.00   2.00   2.00  -2.00   0.68   2.00 
TYR GLU
  2.00   2.00   2.00   2.00   2.00  -1.99   0.69   2.00 
TYR GLN
  2.00   2.00   2.00   2.00   2.00  -2.01   0.98   2.00 
TYR ARG
  2.00   2.00   2.00   2.00   2.00  -2.03   1.10   2.00 
TYR HIS
  2.00   2.00   2.00   2.00   2.00  -1.95   0.21   1.94 
TYR PHE
  2.00   2.00   2.00   2.00   2.00  -1.98   0.43   2.00 
TYR TYR
  2.00   2.00   2.00   2.00   2.00  -1.94   0.20   2.00 
TYR TRP
  2.00   2.00   2.00   2.00   2.00  -1.95   0.16   2.00 
TRP GLY
  2.00   2.00   2.00   2.00   2.00  -1.86  -0.38   2.00 
TRP ALA
  2.00   2.00   2.00   2.00   2.00  -2.03   1.43   2.00 
TRP SER
  2.00   2.00   2.00   2.00   2.00  -2.02   0.99   2.00 
TRP CYS
  2.00   2.00   2.00   2.00   2.00  -1.93  -0.11   2.00 
TRP VAL
  2.00   2.00   2.00   2.00   2.00  -1.95   0.09   2.00 
TRP THR
  2.00   2.00   2.00   2.00   2.00  -2.00   0.62   2.00 
TRP ILE
  2.00   2.00   2.00   2.00   2.00  -2.01   0.74   2.00 
TRP PRO
  2.00   2.00   2.00   2.00   2.00  -1.53  -1.07   0.77 
TRP MET
  2.00   2.00   2.00   2.00   1.85  -1.98   0.47   2.00 
TRP ASP
  2.00   2.00   2.00   2.00   2.00  -1.97   0.32   2.00 
TRP ASN
  2.00   2.00   2.00   2.00   2.00  -2.04   1.89   2.00 
TRP LEU
  2.00   2.00   2.00   2.00   2.00  -2.04   1.21   2.00 
TRP LYS
  2.00   2.00   2.00   2.00   2.00  -2.02   1.09   2.00 
TRP GLU
  2.00   2.00   2.00   2.00   2.00  -2.02   1.17   2.00 
TRP GLN
  2.00   2.00   2.00   2.00   2.00  -2.05   1.50   2.00 
TRP ARG
  2.00   2.00   2.00   2.00   2.00  -2.00   0.82   2.00 
TRP HIS
  2.00   2.00   2.00   2.00   2.00  -2.00   1.61   1.20 
TRP PHE
  2.00   2.00   2.00   2.00   1.76  -1.97   0.51   2.00 
TRP TYR
  2.00   2.00   2.00   2.00   1.79  -1.91  -0.00   2.00 
TRP TRP
  2.00   2.00   2.00   2.00   2.00  -1.97   0.84   0.84 
