GLY GLY
  2.00  -0.33  -0.75  -0.97  -0.65   0.19  -0.71   2.00 
  2.00   2.00   2.00   2.00   2.00   2.00   2.00   2.00 
  0.94  -0.79   0.30  -0.52  -1.30  -1.04  -0.38   2.00 
GLY ALA
  2.00  -0.55  -0.66  -0.82  -0.22   0.91   1.00   2.00 
  2.00   2.00   2.00   2.00   2.00   2.00   2.00   2.00 
 -0.22  -1.55   0.28  -0.47  -1.37  -1.20   0.77   2.00 
GLY SER
  2.00  -0.71  -1.08  -0.92  -0.46   0.57   0.15   2.00 
  2.00   2.00   2.00   2.00   2.00   2.00   2.00   2.00 
  1.07  -1.06   0.22  -0.94  -1.55  -0.51   0.72   2.00 
GLY CYS
  2.00  -0.97  -1.03  -0.54   0.11   0.40   0.99   2.00 
  2.00   2.00   2.00   2.00   2.00   2.00   2.00   2.00 
 -0.11  -1.09   0.20  -0.79  -1.52  -1.03   1.09   2.00 
GLY VAL
  2.00  -1.13  -1.12  -0.50   0.18   1.70   1.49   2.00 
  2.00   2.00   2.00   2.00   2.00   2.00   2.00   2.00 
 -0.14  -1.02   0.34  -0.59  -1.69  -1.01   1.25   2.00 
GLY THR
  2.00  -0.98  -1.27  -0.95  -0.01   1.27   0.39   2.00 
  2.00   2.00   2.00   2.00   2.00   2.00   2.00   2.00 
  0.44  -0.98   0.07  -0.80  -1.54  -0.51   0.96   2.00 
GLY ILE
  2.00  -1.05  -1.08  -0.67   0.24   1.26   1.38   2.00 
  2.00   2.00   2.00   2.00   2.00   2.00   2.00   2.00 
 -0.22  -1.27   0.45  -0.15  -1.69  -0.96   1.34   2.00 
GLY PRO
  2.00   1.80  -1.28  -2.20  -1.54   0.09   0.70   2.00 
  2.00   2.00   2.00   2.00   2.00   2.00   2.00   2.00 
  1.15  -0.68   0.84  -0.08   0.11   1.15   2.00   2.00 
GLY MET
  2.00  -0.74  -0.62  -0.74   0.01   0.90   1.14   2.00 
  2.00   2.00   2.00   2.00   2.00   2.00   2.00   2.00 
 -0.20  -1.56   0.28  -0.54  -1.63  -0.84   1.34   2.00 
GLY ASP
  2.00   0.28  -0.90  -1.13  -0.57   0.23  -0.46   2.00 
  2.00   2.00   2.00   2.00   2.00   2.00   2.00   2.00 
  0.23  -1.13  -0.12  -0.60  -1.61  -0.34   1.66   2.00 
GLY ASN
  2.00  -0.17  -0.96  -1.03  -0.47   0.28  -0.46   1.97 
  2.00   2.00   2.00   2.00   2.00   2.00   2.00   2.00 
  0.24  -1.12  -0.25  -0.81  -1.46  -0.39   1.97   2.00 
GLY LEU
  2.00  -0.62  -0.88  -0.56   0.29   1.05   1.40   2.00 
  2.00   2.00   2.00   2.00   2.00   2.00   2.00   2.00 
 -0.45  -1.57   0.30  -0.67  -1.57  -0.95   1.54   2.00 
GLY LYS
  2.00  -0.19  -0.69  -0.88  -0.12   1.17   0.95   2.00 
  2.00   2.00   2.00   2.00   2.00   2.00   2.00   2.00 
  0.34  -1.10  -0.15  -0.86  -1.99  -0.62   1.96   2.00 
GLY GLU
  2.00  -0.26  -0.70  -1.02  -0.28   0.68   0.34   2.00 
  2.00   2.00   2.00   2.00   2.00   2.00   2.00   2.00 
  0.13  -1.46  -0.12  -0.64  -1.64  -0.60   2.00   2.00 
GLY GLN
  2.00  -0.50  -0.72  -0.54   0.02   0.82   0.68   2.00 
  2.00   2.00   2.00   2.00   2.00   2.00   2.00   2.00 
 -0.14  -1.31   0.13  -0.83  -1.92  -0.44   1.59   2.00 
GLY ARG
  2.00  -0.60  -0.71  -0.76  -0.16   1.21   0.83   2.00 
  2.00   2.00   2.00   2.00   2.00   2.00   2.00   2.00 
 -0.08  -1.28  -0.06  -0.91  -1.75  -0.58   1.50   2.00 
GLY HIS
  2.00  -0.72  -0.87  -0.83  -0.01   0.80   0.74   2.00 
  2.00   2.00   2.00   2.00   2.00   2.00   2.00   2.00 
 -0.04  -1.21   0.08  -0.89  -1.62  -0.73   0.87   2.00 
GLY PHE
  2.00  -1.24  -1.00  -0.46   0.23   0.96   0.96   2.00 
  2.00   2.00   2.00   2.00   2.00   2.00   2.00   2.00 
 -0.17  -1.19   0.21  -0.76  -1.31  -1.05   0.39   2.00 
GLY TYR
  2.00  -1.14  -0.99  -0.74  -0.15   1.25   2.00   2.00 
  2.00   2.00   2.00   2.00   2.00   2.00   2.00   2.00 
  0.25  -1.00   0.25  -0.60  -1.55  -1.13   0.50   2.00 
GLY TRP
  2.00  -1.20  -0.95  -0.70  -0.12   0.69   0.85   2.00 
  2.00   2.00   2.00   2.00   2.00   2.00   2.00   2.00 
 -0.18  -1.24   0.21  -0.86  -1.07  -1.07   1.17   2.00 
ALA GLY
  2.00   0.16  -0.46  -0.81  -1.51   0.69   0.32   2.00 
  2.00   2.00   2.00   2.00   2.00   2.00   2.00   2.00 
 -0.21  -1.92   0.10   0.24  -0.15  -0.28  -0.21   2.00 
ALA ALA
  2.00  -0.23  -0.49  -0.24   0.90   2.00   2.00   2.00 
  2.00   2.00   2.00   2.00   2.00   2.00   2.00   2.00 
 -1.26  -2.53   0.22   0.56   0.21   0.94   0.54   2.00 
ALA SER
  2.00  -0.71  -1.06  -0.53   0.91   1.30   1.89   2.00 
  2.00   2.00   2.00   2.00   2.00   2.00   2.00   2.00 
 -0.54  -2.20  -0.23  -0.22  -0.29   0.19  -0.06   2.00 
ALA CYS
  2.00  -0.86  -1.03  -0.15   1.37   1.70   1.70   2.00 
  2.00   2.00   2.00   2.00   2.00   2.00   2.00   2.00 
 -1.18  -2.12  -0.12  -0.21  -0.24  -0.09   0.32   2.00 
ALA VAL
  2.00  -1.32  -1.31   0.08   1.69   2.00   2.00   2.00 
  2.00   2.00   2.00   2.00   2.00   2.00   2.00   2.00 
 -1.20  -2.14   0.47   0.46   0.38   0.40   0.13   2.00 
ALA THR
  2.00  -1.21  -1.33  -0.31   1.32   2.00   2.00   2.00 
  2.00   2.00   2.00   2.00   2.00   2.00   2.00   2.00 
 -0.71  -2.08   0.19   0.09  -0.15  -0.08  -0.01   2.00 
ALA ILE
  2.00  -1.21  -1.30   0.27   2.00   2.00   2.00   2.00 
  2.00   2.00   2.00   2.00   2.00   2.00   2.00   2.00 
 -1.24  -2.23   0.39   0.49   0.21   0.49   0.56   2.00 
ALA PRO
  2.00   1.01  -2.08  -2.09   0.06   2.00   2.00   2.00 
  2.00   2.00   2.00   2.00   2.00   2.00   2.00   2.00 
  1.29  -1.13   0.50   0.97   0.21  -0.11   2.00   2.00 
ALA MET
  2.00  -0.71  -0.78  -0.10   1.14   2.00   2.00   2.00 
  2.00   2.00   2.00   2.00   2.00   2.00   2.00   2.00 
 -1.10  -2.46   0.30   0.37   0.07   0.66   0.45   2.00 
ALA ASP
  2.00   0.27  -1.21  -1.02   0.38   1.51   1.38   2.00 
  2.00   2.00   2.00   2.00   2.00   2.00   2.00   2.00 
 -0.79  -2.25  -0.12  -0.03   0.14   0.38   0.69   2.00 
ALA ASN
  2.00  -0.08  -1.04  -0.75   0.19   0.98   0.78   2.00 
  2.00   2.00   2.00   2.00   2.00   2.00   2.00   2.00 
 -0.86  -2.28  -0.27  -0.13   0.15   0.78   1.02   2.00 
ALA LEU
  2.00  -0.54  -0.91   0.12   1.77   2.00   2.00   2.00 
  2.00   2.00   2.00   2.00   2.00   2.00   2.00   2.00 
 -1.41  -2.45   0.26   0.48   0.28   0.93   0.97   2.00 
ALA LYS
  2.00  -0.30  -1.10  -0.41   0.55   2.00   1.85   2.00 
  2.00   2.00   2.00   2.00   2.00   2.00   2.00   2.00 
 -1.14  -2.42   0.24   0.46   0.67   0.73   0.93   2.00 
ALA GLU
  2.00  -0.20  -0.76  -0.55   0.74   2.00   2.00   2.00 
  2.00   2.00   2.00   2.00   2.00   2.00   2.00   2.00 
 -1.22  -2.48   0.28   0.40   0.53   0.94   0.83   2.00 
ALA GLN
  2.00  -0.35  -0.79  -0.33   1.36   1.89   2.00   2.00 
  2.00   2.00   2.00   2.00   2.00   2.00   2.00   2.00 
 -1.27  -2.47   0.19   0.22   0.37   0.83   0.86   2.00 
ALA ARG
  2.00  -0.46  -0.87  -0.20   1.31   2.00   2.00   2.00 
  2.00   2.00   2.00   2.00   2.00   2.00   2.00   2.00 
 -1.26  -2.44   0.19   0.42   0.34   0.58   0.47   2.00 
ALA HIS
  2.00  -0.60  -0.99  -0.58   0.88   2.00   1.64   2.00 
  2.00   2.00   2.00   2.00   2.00   2.00   2.00   2.00 
 -0.99  -2.28  -0.19   0.06   0.04   0.70   0.09   2.00 
ALA PHE
  2.00  -1.15  -0.92   0.24   0.92   1.91   1.91   2.00 
  2.00   2.00   2.00   2.00   2.00   2.00   2.00   2.00 
 -1.07  -2.28  -0.13   0.20   0.60   0.71  -0.12   2.00 
ALA TYR
  2.00  -1.08  -0.90  -0.23   1.00   2.00   1.36   2.00 
  2.00   2.00   2.00   2.00   2.00   2.00   2.00   2.00 
 -0.81  -2.28   0.17  -0.01   0.09   0.45  -0.11   2.00 
ALA TRP
  2.00  -0.73  -1.07  -0.38   1.26   2.00   2.00   2.00 
  2.00   2.00   2.00   2.00   2.00   2.00   2.00   2.00 
 -1.18  -2.25  -0.05  -0.29   0.90   1.41  -0.16   2.00 
SER GLY
  2.00   0.14  -0.19  -1.41  -1.50   0.21   0.31   2.00 
  2.00   2.00   2.00   2.00   2.00   2.00   2.00   2.00 
  0.52  -1.33  -0.09  -0.29  -0.49  -0.48  -0.50   2.00 
SER ALA
  2.00  -0.61  -0.85  -1.32  -0.29   1.64   1.87   2.00 
  2.00   2.00   2.00   2.00   2.00   2.00   2.00   2.00 
 -0.66  -2.01  -0.05   0.01  -0.41   0.50   0.21   2.00 
SER SER
  2.00  -0.60  -1.04  -1.28   0.02   1.33   1.33   2.00 
  2.00   2.00   2.00   2.00   2.00   2.00   2.00   2.00 
 -0.08  -1.83  -0.32  -0.72  -0.65   0.47   0.04   2.00 
SER CYS
  2.00  -1.16  -1.40  -0.94   0.22   1.61   2.00   2.00 
  2.00   2.00   2.00   2.00   2.00   2.00   2.00   2.00 
 -0.25  -1.54  -0.15  -0.47  -0.63  -0.22  -0.22   2.00 
SER VAL
  2.00  -1.61  -1.41  -0.93   0.69   2.00   2.00   2.00 
  2.00   2.00   2.00   2.00   2.00   2.00   2.00   2.00 
 -0.46  -1.59   0.05  -0.26  -0.14  -0.09   0.22   2.00 
SER THR
  2.00  -1.09  -1.30  -1.14   0.62   2.00   1.86   2.00 
  2.00   2.00   2.00   2.00   2.00   2.00   2.00   2.00 
 -0.04  -1.85  -0.10  -0.39  -0.51   0.02   0.19   2.00 
SER ILE
  2.00  -1.44  -1.51  -0.91   0.88   2.00   2.00   2.00 
  2.00   2.00   2.00   2.00   2.00   2.00   2.00   2.00 
 -0.62  -1.73   0.22  -0.03  -0.17  -0.05   0.37   2.00 
SER PRO
  2.00   1.09  -1.85  -2.43  -0.77   2.00   2.00   2.00 
  2.00   2.00   2.00   2.00   2.00   2.00   2.00   2.00 
  1.45  -0.26   0.50   1.25   0.45   0.72   2.00   2.00 
SER MET
  2.00  -0.86  -1.04  -1.00   0.55   1.87   2.00   2.00 
  2.00   2.00   2.00   2.00   2.00   2.00   2.00   2.00 
 -0.77  -2.04   0.12  -0.24  -0.33   0.03   0.08   2.00 
SER ASP
  2.00   0.17  -1.03  -1.46  -0.60   1.57   1.57   2.00 
  2.00   2.00   2.00   2.00   2.00   2.00   2.00   2.00 
 -0.25  -1.95  -0.33  -0.55  -0.39   0.59   1.10   2.00 
SER ASN
  2.00  -0.06  -0.93  -1.23  -0.25   0.61   0.65   2.00 
  2.00   2.00   2.00   2.00   2.00   2.00   2.00   2.00 
 -0.47  -1.92  -0.60  -0.46  -0.38   0.24   0.72   2.00 
SER LEU
  2.00  -0.94  -1.25  -1.12   0.65   2.00   2.00   2.00 
  2.00   2.00   2.00   2.00   2.00   2.00   2.00   2.00 
 -0.69  -2.01   0.12  -0.11  -0.31   0.32   0.39   2.00 
SER LYS
  2.00  -0.27  -0.90  -1.39  -0.34   1.94   2.00   2.00 
  2.00   2.00   2.00   2.00   2.00   2.00   2.00   2.00 
 -0.69  -2.03  -0.21  -0.35  -0.19   0.58   0.77   2.00 
SER GLU
  2.00  -0.11  -0.81  -1.44  -0.42   1.42   1.74   2.00 
  2.00   2.00   2.00   2.00   2.00   2.00   2.00   2.00 
 -0.70  -2.08  -0.10  -0.24  -0.20   0.81   1.17   2.00 
SER GLN
  2.00  -0.63  -0.90  -1.31  -0.12   1.45   1.54   2.00 
  2.00   2.00   2.00   2.00   2.00   2.00   2.00   2.00 
 -0.77  -2.04   0.03  -0.12  -0.22   0.41   0.61   2.00 
SER ARG
  2.00  -0.17  -0.97  -1.29  -0.05   2.00   2.00   2.00 
  2.00   2.00   2.00   2.00   2.00   2.00   2.00   2.00 
 -0.93  -2.02  -0.14  -0.28  -0.41   0.34   0.76   2.00 
SER HIS
  2.00  -0.86  -0.87  -0.92  -0.18   1.10   1.61   2.00 
  2.00   2.00   2.00   2.00   2.00   2.00   2.00   2.00 
 -0.28  -1.95  -0.18  -0.64  -0.58   0.07   0.19   2.00 
SER PHE
  2.00  -1.54  -1.10  -0.72   0.46   2.00   2.00   2.00 
  2.00   2.00   2.00   2.00   2.00   2.00   2.00   2.00 
 -0.25  -1.77   0.03  -0.39  -0.21   0.35  -0.61   2.00 
SER TYR
  2.00  -1.44  -1.02  -0.91   0.21   1.57   2.00   2.00 
  2.00   2.00   2.00   2.00   2.00   2.00   2.00   2.00 
 -0.61  -1.65  -0.08  -0.32  -0.08   0.11  -0.62   2.00 
SER TRP
  2.00  -1.10  -1.13  -1.11   0.98   2.00   1.45   2.00 
  2.00   2.00   2.00   2.00   2.00   2.00   2.00   2.00 
 -0.58  -1.82   0.17  -0.63  -0.16   0.58  -0.52   2.00 
CYS GLY
  2.00  -0.47  -1.11  -1.69  -1.14   0.38   0.67   1.59 
  2.00   2.00   2.00   2.00   2.00   2.00   2.00   2.00 
  1.59  -0.96   0.38  -0.18  -0.43  -0.47  -0.47   2.00 
CYS ALA
  2.00  -0.71  -1.33  -1.00   0.95   1.76   2.00   2.00 
  2.00   2.00   2.00   2.00   2.00   2.00   2.00   2.00 
 -0.71  -1.98   0.20  -0.19  -0.04  -0.08  -0.22   2.00 
CYS SER
  2.00  -1.06  -1.76  -1.07   0.38   2.00   2.00   2.00 
  2.00   2.00   2.00   2.00   2.00   2.00   2.00   2.00 
  0.26  -1.52  -0.22   0.06  -0.52  -0.32   0.10   2.00 
CYS CYS
  2.00  -1.27  -1.34  -0.68   0.71   1.40   1.00   2.00 
  2.00   2.00   2.00   2.00   2.00   2.00   2.00   2.00 
 -0.30  -1.62  -0.80  -0.61   0.30   0.30  -0.47   2.00 
CYS VAL
  2.00  -1.60  -1.56  -0.21   1.25   2.00   2.00   2.00 
  2.00   2.00   2.00   2.00   2.00   2.00   2.00   2.00 
 -0.54  -1.59   0.65   0.15  -0.09  -0.76  -0.32   2.00 
CYS THR
  2.00  -1.40  -1.69  -0.89   1.66   2.00   2.00   2.00 
  2.00   2.00   2.00   2.00   2.00   2.00   2.00   2.00 
  0.00  -1.27   0.48  -0.13  -0.64  -0.62  -0.54   2.00 
CYS ILE
  2.00  -1.61  -1.72  -0.38   2.00   2.00   2.00   2.00 
  2.00   2.00   2.00   2.00   2.00   2.00   2.00   2.00 
 -0.56  -1.66   0.58   0.31   0.24  -0.45  -0.17   2.00 
CYS PRO
  2.00   0.79  -2.36  -2.11   0.39   2.00   2.00   2.00 
  2.00   2.00   2.00   2.00   2.00   2.00   2.00   2.00 
  2.00   0.15   0.61   2.00   0.05  -0.27   2.00   2.00 
CYS MET
  2.00  -1.02  -1.47  -1.30   0.36   2.00   2.00   2.00 
  2.00   2.00   2.00   2.00   2.00   2.00   2.00   2.00 
 -0.20  -1.83   0.65   0.65  -0.33   0.14  -0.55   2.00 
CYS ASP
  2.00  -0.71  -1.81  -1.24  -0.14   1.16   1.34   2.00 
  2.00   2.00   2.00   2.00   2.00   2.00   2.00   2.00 
 -0.19  -1.37   0.06  -0.31  -0.61   0.38   0.46   2.00 
CYS ASN
  2.00  -0.54  -1.68  -1.17  -0.21   1.29   0.89   2.00 
  2.00   2.00   2.00   2.00   2.00   2.00   2.00   2.00 
 -0.15  -1.54   0.19  -0.03  -0.58  -0.46   0.28   2.00 
CYS LEU
  2.00  -0.96  -1.58  -0.91   1.23   2.00   2.00   2.00 
  2.00   2.00   2.00   2.00   2.00   2.00   2.00   2.00 
 -0.81  -1.92   0.18   0.32  -0.21  -0.21   0.54   2.00 
CYS LYS
  2.00  -0.81  -1.73  -1.00   0.57   2.00   2.00   2.00 
  2.00   2.00   2.00   2.00   2.00   2.00   2.00   2.00 
 -0.74  -1.83   0.57   0.78  -0.16  -0.32   0.14   2.00 
CYS GLU
  2.00  -0.81  -1.48  -1.14   0.31   1.14   2.00   2.00 
  2.00   2.00   2.00   2.00   2.00   2.00   2.00   2.00 
 -0.68  -1.87   0.38   0.25  -0.35   0.19   0.04   2.00 
CYS GLN
  2.00  -0.70  -1.65  -1.25   0.30   2.00   2.00   2.00 
  2.00   2.00   2.00   2.00   2.00   2.00   2.00   2.00 
 -0.43  -1.76   0.22  -0.13  -0.59   0.40   0.51   2.00 
CYS ARG
  2.00  -1.14  -1.48  -1.10   1.59   2.00   2.00   2.00 
  2.00   2.00   2.00   2.00   2.00   2.00   2.00   2.00 
 -0.55  -1.70   0.20   0.20  -0.32  -0.46  -0.21   2.00 
CYS HIS
  2.00  -0.93  -1.57  -0.43   1.30   0.79   1.02   1.30 
  2.00   2.00   2.00   2.00   2.00   2.00   2.00   2.00 
 -0.24  -1.76  -0.64  -0.43   0.00   0.00  -0.24   2.00 
CYS PHE
  2.00  -1.34  -1.34  -0.85   0.90   2.00   2.00   2.00 
  2.00   2.00   2.00   2.00   2.00   2.00   2.00   2.00 
 -0.13  -1.74   0.03   0.03  -0.20  -0.20  -0.85   2.00 
CYS TYR
  2.00  -1.54  -1.56  -0.59   0.41   2.00   1.66   2.00 
  2.00   2.00   2.00   2.00   2.00   2.00   2.00   2.00 
 -0.21  -1.60   0.41   0.28  -0.13  -0.28  -0.54   2.00 
CYS TRP
  2.00  -0.55  -1.40  -1.06   0.14   2.00   2.00   2.00 
  2.00   2.00   2.00   2.00   2.00   2.00   2.00   2.00 
 -0.55  -1.85  -0.15   1.24  -0.15  -0.15  -0.96   2.00 
VAL GLY
  2.00  -0.73  -1.16  -0.76  -0.68   0.57   0.89   2.00 
  2.00   2.00   2.00   2.00   2.00   2.00   2.00   2.00 
  0.08  -1.67   0.03  -0.06  -0.24  -0.50  -0.89   2.00 
VAL ALA
  2.00  -1.02  -1.39  -0.23   1.63   1.41   2.00   2.00 
  2.00   2.00   2.00   2.00   2.00   2.00   2.00   2.00 
 -0.86  -2.21   0.65   0.39   0.39   0.28  -0.26   2.00 
VAL SER
  2.00  -1.25  -1.76  -0.37   0.68   1.97   2.00   2.00 
  2.00   2.00   2.00   2.00   2.00   2.00   2.00   2.00 
 -0.21  -1.71   0.46   0.09   0.14  -0.19  -0.76   2.00 
VAL CYS
  2.00  -1.06  -1.93  -0.42   0.99   1.25   1.81   2.00 
  2.00   2.00   2.00   2.00   2.00   2.00   2.00   2.00 
 -0.47  -1.74   0.01   0.71   0.15   0.01  -0.24   2.00 
VAL VAL
  2.00  -1.66  -2.01   0.52   2.00   2.00   2.00   2.00 
  2.00   2.00   2.00   2.00   2.00   2.00   2.00   2.00 
 -0.57  -1.53   0.80   1.01   1.09  -0.43  -0.43   2.00 
VAL THR
  2.00  -1.69  -1.82   0.05   2.00   2.00   2.00   2.00 
  2.00   2.00   2.00   2.00   2.00   2.00   2.00   2.00 
  0.06  -1.52   0.61   0.99   0.41  -0.55  -0.88   2.00 
VAL ILE
  2.00  -1.57  -2.10   0.71   2.00   2.00   2.00   2.00 
  2.00   2.00   2.00   2.00   2.00   2.00   2.00   2.00 
 -0.55  -1.60   0.56   0.64   0.95  -0.13  -0.03   2.00 
VAL PRO
  2.00   0.52  -2.55  -1.78   1.42   2.00   2.00   2.00 
  2.00   2.00   2.00   2.00   2.00   2.00   2.00   2.00 
  0.76  -0.92   1.26   1.86   1.08   0.59   2.00   2.00 
VAL MET
  2.00  -1.30  -1.68   0.44   1.83   2.00   1.83   2.00 
  2.00   2.00   2.00   2.00   2.00   2.00   2.00   2.00 
 -0.94  -2.04   0.61   0.80   0.95   0.18  -0.41   2.00 
VAL ASP
  2.00  -0.64  -1.97  -0.80   0.75   0.93   0.80   2.00 
  2.00   2.00   2.00   2.00   2.00   2.00   2.00   2.00 
 -0.40  -1.75   0.33   0.41   0.56  -0.24   0.13   2.00 
VAL ASN
  2.00  -0.82  -1.70  -0.45   0.72   0.60   0.14   2.00 
  2.00   2.00   2.00   2.00   2.00   2.00   2.00   2.00 
 -0.47  -1.90  -0.06   0.53   0.36  -0.30   0.23   2.00 
VAL LEU
  2.00  -1.20  -1.87   0.25   2.00   2.00   2.00   2.00 
  2.00   2.00   2.00   2.00   2.00   2.00   2.00   2.00 
 -0.91  -1.98   0.30   0.46   0.92   0.02   0.30   2.00 
VAL LYS
  2.00  -1.08  -1.82  -0.27   1.51   1.99   2.00   2.00 
  2.00   2.00   2.00   2.00   2.00   2.00   2.00   2.00 
 -0.68  -1.96   0.40   0.57   0.82  -0.27  -0.01   2.00 
VAL GLU
  2.00  -1.04  -1.61  -0.28   1.32   2.00   1.91   2.00 
  2.00   2.00   2.00   2.00   2.00   2.00   2.00   2.00 
 -0.82  -2.14   0.68   0.59   0.90  -0.00  -0.13   2.00 
VAL GLN
  2.00  -1.03  -1.68  -0.17   1.33   2.00   2.00   2.00 
  2.00   2.00   2.00   2.00   2.00   2.00   2.00   2.00 
 -0.88  -2.07   0.95   0.32   0.90  -0.21  -0.14   2.00 
VAL ARG
  2.00  -1.21  -1.65  -0.03   1.61   2.00   1.92   2.00 
  2.00   2.00   2.00   2.00   2.00   2.00   2.00   2.00 
 -0.77  -2.05   0.73   0.53   1.18  -0.21  -0.33   2.00 
VAL HIS
  2.00  -1.19  -1.82  -0.35   0.97   2.00   1.67   2.00 
  2.00   2.00   2.00   2.00   2.00   2.00   2.00   2.00 
 -0.37  -1.74  -0.10   0.09   0.75  -0.41  -0.28   2.00 
VAL PHE
  2.00  -1.61  -1.70   0.31   1.41   2.00   2.00   2.00 
  2.00   2.00   2.00   2.00   2.00   2.00   2.00   2.00 
 -0.57  -1.80   0.29   0.38   0.65   0.18  -0.57   2.00 
VAL TYR
  2.00  -1.66  -1.76   0.37   1.54   2.00   2.00   2.00 
  2.00   2.00   2.00   2.00   2.00   2.00   2.00   2.00 
 -0.42  -1.69   0.23   0.62   0.66   0.06  -0.71   2.00 
VAL TRP
  2.00  -1.52  -1.82  -0.21   2.00   2.00   2.00   2.00 
  2.00   2.00   2.00   2.00   2.00   2.00   2.00   2.00 
 -0.69  -1.63   0.57   0.57   0.67   0.14  -0.79   2.00 
THR GLY
  2.00  -0.05  -0.56  -1.71  -1.37   0.82   1.17   2.00 
  2.00   2.00   2.00   2.00   2.00   2.00   2.00   2.00 
  0.51  -1.20  -0.04  -0.22  -0.54  -0.44  -0.37   2.00 
THR ALA
  2.00  -0.85  -1.06  -1.12  -0.22   2.00   2.00   2.00 
  2.00   2.00   2.00   2.00   2.00   2.00   2.00   2.00 
 -0.66  -1.97   0.20  -0.28  -0.27   0.47  -0.00   2.00 
THR SER
  2.00  -1.10  -1.16  -0.97  -0.20   2.00   2.00   2.00 
  2.00   2.00   2.00   2.00   2.00   2.00   2.00   2.00 
  0.19  -1.60  -0.26  -0.81  -0.86   0.09  -0.10   2.00 
THR CYS
  2.00  -1.35  -1.72  -0.76   0.17   1.73   2.00   2.00 
  2.00   2.00   2.00   2.00   2.00   2.00   2.00   2.00 
  0.02  -1.44  -0.06  -0.14  -0.41   0.02  -0.32   2.00 
THR VAL
  2.00  -1.65  -1.87  -0.66   0.67   2.00   2.00   2.00 
  2.00   2.00   2.00   2.00   2.00   2.00   2.00   2.00 
 -0.37  -1.40   0.46  -0.01   0.32   0.21  -0.13   2.00 
THR THR
  2.00  -1.32  -1.43  -0.94   0.17   2.00   2.00   2.00 
  2.00   2.00   2.00   2.00   2.00   2.00   2.00   2.00 
 -0.27  -1.51  -0.10  -0.63  -0.46   0.19  -0.24   2.00 
THR ILE
  2.00  -1.52  -1.94  -0.46   1.03   2.00   2.00   2.00 
  2.00   2.00   2.00   2.00   2.00   2.00   2.00   2.00 
 -0.67  -1.52   0.38   0.28   0.13   0.34   0.11   2.00 
THR PRO
  2.00   0.84  -2.12  -2.17  -0.87   2.00   2.00   2.00 
  2.00   2.00   2.00   2.00   2.00   2.00   2.00   2.00 
  1.34  -0.49   0.77   1.60   0.48   0.38   2.00   2.00 
THR MET
  2.00  -0.75  -1.38  -0.73  -0.08   2.00   2.00   2.00 
  2.00   2.00   2.00   2.00   2.00   2.00   2.00   2.00 
 -0.62  -2.01   0.05  -0.22  -0.26   0.58  -0.15   2.00 
THR ASP
  2.00  -0.12  -1.34  -1.47  -0.52   1.64   1.26   2.00 
  2.00   2.00   2.00   2.00   2.00   2.00   2.00   2.00 
  0.15  -1.59  -0.61  -0.78  -0.55   0.54   0.95   2.00 
THR ASN
  2.00  -0.40  -1.34  -1.25  -0.51   0.92   0.70   2.00 
  2.00   2.00   2.00   2.00   2.00   2.00   2.00   2.00 
 -0.13  -1.53  -0.59  -0.73  -0.39   0.11   0.52   2.00 
THR LEU
  2.00  -1.17  -1.61  -0.84   0.45   2.00   2.00   2.00 
  2.00   2.00   2.00   2.00   2.00   2.00   2.00   2.00 
 -0.70  -1.92   0.41   0.04   0.11   0.46   0.36   2.00 
THR LYS
  2.00  -0.44  -1.33  -1.35  -0.61   2.00   2.00   2.00 
  2.00   2.00   2.00   2.00   2.00   2.00   2.00   2.00 
 -0.61  -1.83  -0.15  -0.30  -0.04   0.44   0.70   2.00 
THR GLU
  2.00  -0.54  -1.20  -1.35  -0.53   1.75   2.00   2.00 
  2.00   2.00   2.00   2.00   2.00   2.00   2.00   2.00 
 -0.62  -1.87  -0.15  -0.36  -0.24   0.57   0.90   2.00 
THR GLN
  2.00  -0.64  -1.23  -1.06   0.04   2.00   2.00   2.00 
  2.00   2.00   2.00   2.00   2.00   2.00   2.00   2.00 
 -0.69  -2.08   0.01  -0.34  -0.10   0.61   0.53   2.00 
THR ARG
  2.00  -0.83  -1.19  -1.03  -0.21   1.76   2.00   2.00 
  2.00   2.00   2.00   2.00   2.00   2.00   2.00   2.00 
 -0.46  -1.86  -0.24  -0.42  -0.41   0.32  -0.12   2.00 
THR HIS
  2.00  -0.79  -1.13  -0.91   0.32   1.88   2.00   2.00 
  2.00   2.00   2.00   2.00   2.00   2.00   2.00   2.00 
 -0.37  -1.77  -0.29  -0.89  -0.64   0.01  -0.20   2.00 
THR PHE
  2.00  -1.61  -1.54  -0.66   0.56   1.98   2.00   2.00 
  2.00   2.00   2.00   2.00   2.00   2.00   2.00   2.00 
 -0.44  -1.58  -0.06   0.01   0.29   0.59  -0.63   2.00 
THR TYR
  2.00  -1.60  -1.47  -0.62   0.55   2.00   2.00   2.00 
  2.00   2.00   2.00   2.00   2.00   2.00   2.00   2.00 
 -0.16  -1.60   0.19  -0.16  -0.20   0.01  -0.51   2.00 
THR TRP
  2.00  -1.63  -1.49  -0.78   0.77   2.00   1.46   2.00 
  2.00   2.00   2.00   2.00   2.00   2.00   2.00   2.00 
 -0.49  -1.74   0.67   0.18   0.07   0.67  -0.33   2.00 
ILE GLY
  2.00  -0.82  -1.25  -0.83  -0.74   0.68   1.31   2.00 
  2.00   2.00   2.00   2.00   2.00   2.00   2.00   2.00 
 -0.15  -1.72   0.28  -0.05  -0.14  -0.32  -0.63   2.00 
ILE ALA
  2.00  -0.82  -1.47   0.06   1.22   2.00   2.00   2.00 
  2.00   2.00   2.00   2.00   2.00   2.00   2.00   2.00 
 -0.88  -2.27   0.62   0.31   0.69   0.03  -0.05   2.00 
ILE SER
  2.00  -1.22  -1.73   0.01   1.00   1.56   1.93   2.00 
  2.00   2.00   2.00   2.00   2.00   2.00   2.00   2.00 
 -0.26  -1.90   0.55   0.19   0.44  -0.30  -0.65   2.00 
ILE CYS
  2.00  -0.99  -1.84  -0.42   1.85   1.56   2.00   2.00 
  2.00   2.00   2.00   2.00   2.00   2.00   2.00   2.00 
 -0.69  -1.81   0.31   0.46   0.11  -0.42  -0.15   2.00 
ILE VAL
  2.00  -1.47  -2.04   0.35   2.00   2.00   2.00   2.00 
  2.00   2.00   2.00   2.00   2.00   2.00   2.00   2.00 
 -0.55  -1.72   0.43   0.79   0.98  -0.20  -0.04   2.00 
ILE THR
  2.00  -1.59  -1.81   0.29   2.00   1.75   2.00   2.00 
  2.00   2.00   2.00   2.00   2.00   2.00   2.00   2.00 
  0.03  -1.67   0.63   0.60   0.63  -0.69  -0.69   2.00 
ILE ILE
  2.00  -1.43  -1.93   0.54   2.00   2.00   2.00   2.00 
  2.00   2.00   2.00   2.00   2.00   2.00   2.00   2.00 
 -0.65  -1.89   0.49   0.96   1.04  -0.32   0.03   2.00 
ILE PRO
  2.00   0.90  -2.53  -1.81   1.29   2.00   2.00   2.00 
  2.00   2.00   2.00   2.00   2.00   2.00   2.00   2.00 
  0.76  -1.00   1.08   1.73   0.83   0.90   2.00   2.00 
ILE MET
  2.00  -1.18  -1.55   0.59   2.00   2.00   2.00   2.00 
  2.00   2.00   2.00   2.00   2.00   2.00   2.00   2.00 
 -1.02  -2.18   0.30   0.99   1.12   0.13  -0.30   2.00 
ILE ASP
  2.00  -0.48  -1.95  -0.74   0.65   1.04   0.84   2.00 
  2.00   2.00   2.00   2.00   2.00   2.00   2.00   2.00 
 -0.53  -1.87   0.31   0.56   0.70  -0.31   0.52   2.00 
ILE ASN
  2.00  -0.71  -1.79  -0.31   0.44   0.95   0.25   2.00 
  2.00   2.00   2.00   2.00   2.00   2.00   2.00   2.00 
 -0.63  -1.91  -0.05   0.47   0.71  -0.19   0.32   2.00 
ILE LEU
  2.00  -1.05  -1.79   0.62   2.00   2.00   2.00   2.00 
  2.00   2.00   2.00   2.00   2.00   2.00   2.00   2.00 
 -0.91  -2.19   0.51   0.49   0.98   0.28   0.45   2.00 
ILE LYS
  2.00  -0.90  -1.73  -0.13   1.29   2.00   1.85   2.00 
  2.00   2.00   2.00   2.00   2.00   2.00   2.00   2.00 
 -1.02  -2.06   0.90   0.67   0.87  -0.25  -0.02   2.00 
ILE GLU
  2.00  -0.98  -1.60  -0.04   1.19   2.00   2.00   2.00 
  2.00   2.00   2.00   2.00   2.00   2.00   2.00   2.00 
 -0.88  -2.19   0.49   0.90   1.00  -0.09  -0.06   2.00 
ILE GLN
  2.00  -0.98  -1.55   0.33   1.29   2.00   2.00   2.00 
  2.00   2.00   2.00   2.00   2.00   2.00   2.00   2.00 
 -1.07  -2.17   0.36   0.60   1.09  -0.11  -0.07   2.00 
ILE ARG
  2.00  -1.05  -1.54   0.02   1.53   2.00   2.00   2.00 
  2.00   2.00   2.00   2.00   2.00   2.00   2.00   2.00 
 -0.92  -2.14   0.54   0.73   1.10  -0.39  -0.20   2.00 
ILE HIS
  2.00  -1.12  -1.87   0.01   2.00   1.74   2.00   2.00 
  2.00   2.00   2.00   2.00   2.00   2.00   2.00   2.00 
 -0.39  -1.88   0.46   0.05   0.95  -0.50  -0.37   2.00 
ILE PHE
  2.00  -1.29  -1.74   0.31   1.79   2.00   2.00   2.00 
  2.00   2.00   2.00   2.00   2.00   2.00   2.00   2.00 
 -0.79  -1.91  -0.04   0.24   0.80   0.05  -0.32   2.00 
ILE TYR
  2.00  -1.49  -1.82   0.48   2.00   2.00   2.00   2.00 
  2.00   2.00   2.00   2.00   2.00   2.00   2.00   2.00 
 -0.56  -1.79   0.26   0.30   0.99  -0.02  -0.56   2.00 
ILE TRP
  2.00  -1.21  -1.72   0.71   1.97   2.00   2.00   2.00 
  2.00   2.00   2.00   2.00   2.00   2.00   2.00   2.00 
 -0.67  -1.96  -0.28  -0.11   0.36   0.26  -0.34   2.00 
PRO GLY
  2.00   0.43  -0.74  -0.66   0.07   1.22   0.14   2.00 
  2.00   2.00   2.00   2.00   2.00   2.00   2.00   2.00 
  0.66  -2.22  -0.93  -0.11  -0.50  -0.33   0.34   2.00 
PRO ALA
  2.00   0.15  -1.12  -1.87  -0.23   1.36   1.72   2.00 
  2.00   2.00   2.00   2.00   2.00   2.00   2.00   2.00 
  0.20  -2.01  -0.05   0.51   0.25   0.37   0.92   2.00 
PRO SER
  2.00  -0.18  -1.32  -1.55  -0.04   0.98   1.92   2.00 
  2.00   2.00   2.00   2.00   2.00   2.00   2.00   2.00 
  0.72  -1.96  -0.41  -0.08   0.08   0.06   0.36   2.00 
PRO CYS
  2.00  -0.34  -1.67  -1.29   0.09   1.96   1.27   1.96 
  2.00   2.00   2.00   2.00   2.00   2.00   2.00   2.00 
  0.58  -1.39  -0.48   0.17  -0.74  -0.23  -0.52   2.00 
PRO VAL
  2.00  -1.04  -1.94  -1.38   0.52   1.80   2.00   2.00 
  2.00   2.00   2.00   2.00   2.00   2.00   2.00   2.00 
  0.46  -1.27   0.08   0.32  -0.18  -0.41   0.21   2.00 
PRO THR
  2.00  -0.64  -1.66  -1.34   0.54   1.73   1.95   2.00 
  2.00   2.00   2.00   2.00   2.00   2.00   2.00   2.00 
  0.10  -1.76  -0.23   0.03  -0.13  -0.30   0.34   2.00 
PRO ILE
  2.00  -0.69  -1.94  -1.49   0.84   2.00   2.00   2.00 
  2.00   2.00   2.00   2.00   2.00   2.00   2.00   2.00 
  0.20  -1.50  -0.13   0.31  -0.13  -0.05   0.51   2.00 
PRO PRO
  2.00   2.00  -1.72  -2.54  -0.97   2.00   2.00   2.00 
  2.00   2.00   2.00   2.00   2.00   2.00   2.00   2.00 
  1.70  -0.38   0.44   0.73   2.00   1.98   2.00   2.00 
PRO MET
  2.00  -0.66  -1.66  -1.38   0.07   1.51   1.51   2.00 
  2.00   2.00   2.00   2.00   2.00   2.00   2.00   2.00 
 -0.04  -1.73  -0.32   0.07   0.26   0.13   0.19   2.00 
PRO ASP
  2.00   1.10  -0.93  -1.55   0.13   1.30   1.63   2.00 
  2.00   2.00   2.00   2.00   2.00   2.00   2.00   2.00 
  0.34  -2.30  -0.71  -0.06   0.50   0.93   1.48   2.00 
PRO ASN
  2.00   0.96  -1.08  -1.07   0.29   1.01   0.67   2.00 
  2.00   2.00   2.00   2.00   2.00   2.00   2.00   2.00 
 -0.14  -2.23  -1.04   0.02   0.16   0.35   1.54   2.00 
PRO LEU
  2.00  -0.18  -1.61  -1.70   0.11   2.00   2.00   2.00 
  2.00   2.00   2.00   2.00   2.00   2.00   2.00   2.00 
 -0.08  -1.84  -0.02   0.55   0.09  -0.06   1.02   2.00 
PRO LYS
  2.00  -0.24  -1.39  -1.81  -0.03   1.40   2.00   2.00 
  2.00   2.00   2.00   2.00   2.00   2.00   2.00   2.00 
  0.59  -1.91  -0.09   0.30   0.12   0.25   1.05   2.00 
PRO GLU
  2.00   0.88  -0.77  -1.59  -0.07   1.70   2.00   2.00 
  2.00   2.00   2.00   2.00   2.00   2.00   2.00   2.00 
  0.06  -2.42  -0.31   0.41   0.82   0.94   2.00   2.00 
PRO GLN
  2.00  -0.10  -1.28  -1.58   0.16   2.00   2.00   2.00 
  2.00   2.00   2.00   2.00   2.00   2.00   2.00   2.00 
 -0.15  -2.13  -0.29   0.88   0.22   0.26   0.88   2.00 
PRO ARG
  2.00  -0.22  -1.45  -1.55   0.01   1.67   1.35   2.00 
  2.00   2.00   2.00   2.00   2.00   2.00   2.00   2.00 
  0.32  -1.91  -0.27   0.17   0.06  -0.14   0.66   2.00 
PRO HIS
  2.00   0.02  -0.84  -1.27   0.17   0.72   1.51   2.00 
  2.00   2.00   2.00   2.00   2.00   2.00   2.00   2.00 
  0.12  -2.08  -0.65  -0.25  -0.10  -0.14  -0.22   2.00 
PRO PHE
  2.00  -0.62  -1.12  -1.28   0.21   1.73   1.89   2.00 
  2.00   2.00   2.00   2.00   2.00   2.00   2.00   2.00 
 -0.08  -1.91  -0.43  -0.43  -0.38   0.25  -0.10   2.00 
PRO TYR
  2.00  -0.40  -0.91  -1.30   0.49   1.93   1.14   2.00 
  2.00   2.00   2.00   2.00   2.00   2.00   2.00   2.00 
  0.28  -2.03  -0.61  -0.68  -0.15   0.17  -0.10   2.00 
PRO TRP
  2.00   0.10  -1.13  -1.15   0.10   2.00   2.00   2.00 
  2.00   2.00   2.00   2.00   2.00   2.00   2.00   2.00 
 -0.15  -2.03  -0.72  -0.48  -0.39   0.18  -0.03   2.00 
MET GLY
  2.00  -0.32  -0.86  -0.87  -1.42   0.23   0.89   1.92 
  2.00   2.00   2.00   2.00   2.00   2.00   2.00   2.00 
 -0.21  -1.73   0.06   0.06  -0.23  -0.08  -0.26   2.00 
MET ALA
  2.00  -0.42  -1.06  -0.01   1.23   2.00   2.00   2.00 
  2.00   2.00   2.00   2.00   2.00   2.00   2.00   2.00 
 -1.06  -2.45   0.19   0.29   0.16   0.92   0.19   2.00 
MET SER
  2.00  -0.87  -1.52  -0.35   1.06   1.46   2.00   2.00 
  2.00   2.00   2.00   2.00   2.00   2.00   2.00   2.00 
 -0.41  -1.93  -0.24  -0.24  -0.48   0.04  -0.30   2.00 
MET CYS
  2.00  -1.03  -1.53   0.42   1.81   1.81   2.00   2.00 
  2.00   2.00   2.00   2.00   2.00   2.00   2.00   2.00 
 -0.50  -2.11   0.20   0.01  -0.50   0.20  -0.39   2.00 
MET VAL
  2.00  -1.50  -1.68   0.08   2.00   2.00   2.00   2.00 
  2.00   2.00   2.00   2.00   2.00   2.00   2.00   2.00 
 -0.92  -1.91   1.22   0.08   0.47   0.01   0.04   2.00 
MET THR
  2.00  -1.30  -1.67   0.66   1.69   2.00   2.00   2.00 
  2.00   2.00   2.00   2.00   2.00   2.00   2.00   2.00 
 -0.37  -1.95   0.08  -0.03  -0.34  -0.10  -0.17   2.00 
MET ILE
  2.00  -1.33  -1.52   0.57   2.00   2.00   2.00   2.00 
  2.00   2.00   2.00   2.00   2.00   2.00   2.00   2.00 
 -0.96  -2.16  -0.16   0.05   0.50   0.74   0.57   2.00 
MET PRO
  2.00   0.12  -2.30  -1.96   0.99   1.97   2.00   2.00 
  2.00   2.00   2.00   2.00   2.00   2.00   2.00   2.00 
  1.97  -1.03   0.58   1.28   0.87  -0.15   1.97   2.00 
MET MET
  2.00  -0.59  -1.06  -0.16   0.80   2.00   2.00   2.00 
  2.00   2.00   2.00   2.00   2.00   2.00   2.00   2.00 
 -1.25  -2.32   0.33  -0.08  -0.08   1.72   0.11   2.00 
MET ASP
  2.00  -0.55  -1.46  -1.01   0.61   2.00   1.71   2.00 
  2.00   2.00   2.00   2.00   2.00   2.00   2.00   2.00 
 -0.53  -2.10   0.23   0.02  -0.21   0.18   0.37   2.00 
MET ASN
  2.00  -0.60  -1.34  -1.03   0.23   1.12   1.96   2.00 
  2.00   2.00   2.00   2.00   2.00   2.00   2.00   2.00 
 -0.63  -2.01   0.50  -0.16  -0.20   0.50  -0.31   2.00 
MET LEU
  2.00  -0.57  -1.36   0.75   2.00   2.00   2.00   2.00 
  2.00   2.00   2.00   2.00   2.00   2.00   2.00   2.00 
 -1.29  -2.39   0.23   0.40   0.36   0.75   0.65   2.00 
MET LYS
  2.00  -0.58  -1.08  -0.48   0.35   2.00   2.00   2.00 
  2.00   2.00   2.00   2.00   2.00   2.00   2.00   2.00 
 -1.01  -2.35   0.30   0.62  -0.16   0.56   0.50   2.00 
MET GLU
  2.00  -0.60  -0.94  -0.11   1.05   1.56   1.74   2.00 
  2.00   2.00   2.00   2.00   2.00   2.00   2.00   2.00 
 -1.14  -2.38  -0.02   0.13   0.17   0.52   0.71   2.00 
MET GLN
  2.00  -0.65  -1.18   0.10   0.73   2.00   2.00   2.00 
  2.00   2.00   2.00   2.00   2.00   2.00   2.00   2.00 
 -0.88  -2.35  -0.08   0.17   0.51   0.04   0.17   2.00 
MET ARG
  2.00  -0.86  -1.06   0.11   1.25   2.00   2.00   2.00 
  2.00   2.00   2.00   2.00   2.00   2.00   2.00   2.00 
 -1.01  -2.29   0.25   0.15  -0.17   0.11  -0.13   2.00 
MET HIS
  2.00  -1.21  -1.35  -0.42   2.00   1.19   1.19   2.00 
  2.00   2.00   2.00   2.00   2.00   2.00   2.00   2.00 
 -0.97  -2.03   0.50   0.50  -0.35   0.68  -0.19   2.00 
MET PHE
  2.00  -1.14  -1.41   1.10   0.92   1.61   1.33   2.00 
  2.00   2.00   2.00   2.00   2.00   2.00   2.00   2.00 
 -0.81  -2.29   0.01  -0.12   1.10   1.33   0.32   2.00 
MET TYR
  2.00  -1.15  -1.10   0.37   1.18   0.96   0.96   2.00 
  2.00   2.00   2.00   2.00   2.00   2.00   2.00   2.00 
 -0.93  -2.11  -0.07   0.08  -0.00   0.37  -0.43   2.00 
MET TRP
  2.00  -1.40  -1.28  -0.24   2.00   1.55   0.45   2.00 
  2.00   2.00   2.00   2.00   2.00   2.00   2.00   2.00 
 -0.65  -2.23   0.45   0.45   1.55   1.55  -0.24   2.00 
ASP GLY
  2.00   1.22  -0.14  -1.16  -2.00  -0.04  -0.84   1.18 
  2.00   2.00   2.00   2.00   2.00   2.00   2.00   2.00 
  0.81  -1.20   0.29   0.13  -0.29  -0.07   0.73   2.00 
ASP ALA
  2.00   0.60  -0.64  -1.14  -0.27   1.63   1.85   2.00 
  2.00   2.00   2.00   2.00   2.00   2.00   2.00   2.00 
 -0.85  -2.10   0.26  -0.34  -0.86  -0.23   0.96   2.00 
ASP SER
  2.00   0.21  -0.90  -1.32  -0.46   1.49   1.56   2.00 
  2.00   2.00   2.00   2.00   2.00   2.00   2.00   2.00 
 -0.05  -1.75  -0.41  -0.66  -1.12  -0.23   0.94   2.00 
ASP CYS
  2.00  -0.12  -1.06  -0.96   0.20   1.18   1.18   2.00 
  2.00   2.00   2.00   2.00   2.00   2.00   2.00   2.00 
  0.02  -1.73  -0.03  -0.88  -1.27  -0.47   0.33   2.00 
ASP VAL
  2.00  -0.51  -1.45  -0.97   0.72   2.00   2.00   2.00 
  2.00   2.00   2.00   2.00   2.00   2.00   2.00   2.00 
 -0.60  -1.70  -0.23  -0.48  -0.83  -0.61   0.79   2.00 
ASP THR
  2.00  -0.20  -1.03  -1.03   0.28   2.00   1.74   2.00 
  2.00   2.00   2.00   2.00   2.00   2.00   2.00   2.00 
 -0.36  -1.74   0.01  -0.61  -1.26  -0.77   0.84   2.00 
ASP ILE
  2.00  -0.38  -1.43  -0.86   1.09   2.00   2.00   2.00 
  2.00   2.00   2.00   2.00   2.00   2.00   2.00   2.00 
 -0.86  -1.80  -0.22  -0.63  -0.67  -0.57   1.21   2.00 
ASP PRO
  2.00   1.81  -1.85  -2.54   0.03   2.00   2.00   2.00 
  2.00   2.00   2.00   2.00   2.00   2.00   2.00   2.00 
  1.57   0.22   1.32   2.00   0.40  -0.46   2.00   2.00 
ASP MET
  2.00   0.05  -0.87  -1.28   0.91   2.00   2.00   2.00 
  2.00   2.00   2.00   2.00   2.00   2.00   2.00   2.00 
 -0.88  -2.06  -0.16  -0.38  -0.84   0.01   1.36   2.00 
ASP ASP
  2.00   1.29  -0.61  -1.19  -0.50   0.96   0.52   2.00 
  2.00   2.00   2.00   2.00   2.00   2.00   2.00   2.00 
 -0.44  -2.06  -0.38  -0.60  -0.84   0.35   1.98   2.00 
ASP ASN
  2.00   0.80  -0.59  -0.81  -0.77   0.50  -0.04   2.00 
  2.00   2.00   2.00   2.00   2.00   2.00   2.00   2.00 
 -0.23  -1.89  -0.72  -0.59  -0.87  -0.21   1.53   2.00 
ASP LEU
  2.00   0.18  -1.15  -1.06   0.99   2.00   2.00   2.00 
  2.00   2.00   2.00   2.00   2.00   2.00   2.00   2.00 
 -0.84  -1.99  -0.13  -0.34  -0.90  -0.54   1.49   2.00 
ASP LYS
  2.00   0.78  -0.79  -1.19  -0.40   1.25   1.16   2.00 
  2.00   2.00   2.00   2.00   2.00   2.00   2.00   2.00 
 -0.76  -2.00  -0.36  -0.50  -0.90   0.42   1.54   2.00 
ASP GLU
  2.00   1.01  -0.65  -1.28  -0.50   1.78   1.01   2.00 
  2.00   2.00   2.00   2.00   2.00   2.00   2.00   2.00 
 -0.77  -2.17  -0.10  -0.28  -0.57   0.43   1.78   2.00 
ASP GLN
  2.00   0.71  -0.70  -1.11  -0.10   2.00   1.06   2.00 
  2.00   2.00   2.00   2.00   2.00   2.00   2.00   2.00 
 -0.89  -2.16  -0.08  -0.39  -0.69   0.01   1.51   2.00 
ASP ARG
  2.00   0.70  -0.88  -1.22  -0.03   0.82   1.55   2.00 
  2.00   2.00   2.00   2.00   2.00   2.00   2.00   2.00 
 -0.67  -2.05  -0.12  -0.56  -0.79  -0.01   1.64   2.00 
ASP HIS
  2.00   0.29  -0.72  -1.21  -0.29   1.79   1.10   2.00 
  2.00   2.00   2.00   2.00   2.00   2.00   2.00   2.00 
 -0.41  -1.85  -0.43  -0.87  -0.95  -0.16   0.87   2.00 
ASP PHE
  2.00  -0.24  -1.07  -0.89   0.34   1.51   1.36   2.00 
  2.00   2.00   2.00   2.00   2.00   2.00   2.00   2.00 
 -0.36  -1.95  -0.18  -0.52  -0.89  -0.44   0.19   2.00 
ASP TYR
  2.00  -0.46  -1.04  -0.81   0.47   1.51   2.00   2.00 
  2.00   2.00   2.00   2.00   2.00   2.00   2.00   2.00 
 -0.72  -1.93  -0.41  -0.49  -0.91  -0.27   0.69   2.00 
ASP TRP
  2.00   0.46  -1.39  -0.96   0.54   1.42   2.00   2.00 
  2.00   2.00   2.00   2.00   2.00   2.00   2.00   2.00 
 -0.61  -1.85  -0.66   0.08  -1.11  -0.30   1.24   2.00 
ASN GLY
  2.00   0.87  -0.26  -0.95  -1.80  -0.08  -1.29   1.13 
  2.00   2.00   2.00   2.00   2.00   2.00   2.00   2.00 
  0.84  -0.99   0.50  -0.15  -0.69  -0.11   0.54   2.00 
ASN ALA
  2.00   0.21  -0.91  -0.95  -0.05   2.00   1.76   2.00 
  2.00   2.00   2.00   2.00   2.00   2.00   2.00   2.00 
 -0.41  -2.05   0.35  -0.45  -1.21  -0.26   0.71   2.00 
ASN SER
  2.00   0.20  -0.84  -1.04  -0.49   1.24   0.64   2.00 
  2.00   2.00   2.00   2.00   2.00   2.00   2.00   2.00 
  0.10  -1.63  -0.23  -0.87  -1.40  -0.31   0.61   2.00 
ASN CYS
  2.00  -0.46  -1.18  -0.46   0.63   0.92   1.33   2.00 
  2.00   2.00   2.00   2.00   2.00   2.00   2.00   2.00 
  0.07  -1.40   0.15  -0.33  -1.59  -1.28   0.41   2.00 
ASN VAL
  2.00  -0.84  -1.44  -0.67   1.42   2.00   2.00   2.00 
  2.00   2.00   2.00   2.00   2.00   2.00   2.00   2.00 
 -0.10  -1.47   0.22  -0.69  -1.18  -1.04   0.24   2.00 
ASN THR
  2.00  -0.28  -1.10  -0.69   1.01   1.76   2.00   2.00 
  2.00   2.00   2.00   2.00   2.00   2.00   2.00   2.00 
 -0.09  -1.71  -0.22  -0.82  -1.48  -0.66   0.59   2.00 
ASN ILE
  2.00  -0.68  -1.44  -0.86   1.47   2.00   2.00   2.00 
  2.00   2.00   2.00   2.00   2.00   2.00   2.00   2.00 
 -0.33  -1.56   0.12  -0.63  -1.21  -0.86   0.65   2.00 
ASN PRO
  2.00   1.09  -2.04  -2.26   0.27   1.95   2.00   2.00 
  2.00   2.00   2.00   2.00   2.00   2.00   2.00   2.00 
  1.04   0.04   1.14   2.00  -0.36  -0.70   2.00   2.00 
ASN MET
  2.00  -0.35  -0.95  -0.55   0.64   1.34   1.85   2.00 
  2.00   2.00   2.00   2.00   2.00   2.00   2.00   2.00 
 -0.55  -1.81  -0.05  -0.64  -1.32  -0.79   0.46   2.00 
ASN ASP
  2.00   1.29  -0.97  -1.03  -0.66   1.08   0.12   2.00 
  2.00   2.00   2.00   2.00   2.00   2.00   2.00   2.00 
 -0.07  -1.82  -0.42  -0.63  -1.15  -0.05   1.46   2.00 
ASN ASN
  2.00   0.80  -0.48  -1.00  -0.83   0.35  -0.28   2.00 
  2.00   2.00   2.00   2.00   2.00   2.00   2.00   2.00 
 -0.08  -1.57  -0.36  -0.84  -1.25  -0.46   2.00   2.00 
ASN LEU
  2.00  -0.43  -1.18  -0.89   1.02   2.00   2.00   2.00 
  2.00   2.00   2.00   2.00   2.00   2.00   2.00   2.00 
 -0.45  -1.87   0.36  -0.36  -1.28  -0.76   1.16   2.00 
ASN LYS
  2.00   0.37  -0.77  -1.26  -0.33   1.71   0.92   2.00 
  2.00   2.00   2.00   2.00   2.00   2.00   2.00   2.00 
 -0.18  -1.86  -0.21  -0.63  -1.20  -0.25   1.44   2.00 
ASN GLU
  2.00   0.80  -0.68  -1.23  -0.47   1.22   0.96   2.00 
  2.00   2.00   2.00   2.00   2.00   2.00   2.00   2.00 
 -0.45  -2.07   0.14  -0.46  -1.00   0.03   1.42   2.00 
ASN GLN
  2.00   0.62  -0.64  -0.73  -0.08   1.08   0.62   2.00 
  2.00   2.00   2.00   2.00   2.00   2.00   2.00   2.00 
 -0.61  -1.97  -0.39  -0.61  -1.29  -0.18   1.26   2.00 
ASN ARG
  2.00   0.02  -0.79  -1.00  -0.23   1.79   1.44   2.00 
  2.00   2.00   2.00   2.00   2.00   2.00   2.00   2.00 
 -0.70  -1.85  -0.11  -0.64  -1.23  -0.27   1.25   2.00 
ASN HIS
  2.00  -0.17  -0.70  -1.00  -0.75   1.40   0.61   2.00 
  2.00   2.00   2.00   2.00   2.00   2.00   2.00   2.00 
 -0.28  -1.78  -0.45  -0.54  -1.15  -0.08   1.07   2.00 
ASN PHE
  2.00  -0.58  -1.30  -0.76   0.61   1.40   1.21   2.00 
  2.00   2.00   2.00   2.00   2.00   2.00   2.00   2.00 
 -0.21  -1.61   0.06  -0.64  -1.02  -0.72  -0.33   2.00 
ASN TYR
  2.00  -0.85  -1.21  -0.66   0.48   2.00   2.00   2.00 
  2.00   2.00   2.00   2.00   2.00   2.00   2.00   2.00 
 -0.10  -1.66  -0.17  -0.66  -1.17  -0.53  -0.08   2.00 
ASN TRP
  2.00  -0.16  -1.35  -1.12   0.89   1.45   0.64   2.00 
  2.00   2.00   2.00   2.00   2.00   2.00   2.00   2.00 
 -0.26  -1.45   0.20  -0.46  -1.37  -0.80   0.53   2.00 
LEU GLY
  2.00  -0.15  -0.95  -1.25  -1.46   0.58   0.73   2.00 
  2.00   2.00   2.00   2.00   2.00   2.00   2.00   2.00 
 -0.20  -1.69   0.25   0.16   0.21  -0.07  -0.14   2.00 
LEU ALA
  2.00  -0.31  -0.87  -0.05   1.06   2.00   2.00   2.00 
  2.00   2.00   2.00   2.00   2.00   2.00   2.00   2.00 
 -0.94  -2.50  -0.01   0.19   0.20   0.47   0.30   2.00 
LEU SER
  2.00  -0.79  -1.50  -0.10   0.52   1.66   2.00   2.00 
  2.00   2.00   2.00   2.00   2.00   2.00   2.00   2.00 
 -0.34  -2.07  -0.04  -0.30  -0.17   0.11  -0.38   2.00 
LEU CYS
  2.00  -0.97  -1.38  -0.47   0.81   1.91   1.91   2.00 
  2.00   2.00   2.00   2.00   2.00   2.00   2.00   2.00 
 -0.64  -2.08   0.30   0.20  -0.37  -0.07  -0.00   2.00 
LEU VAL
  2.00  -1.25  -1.74   0.63   2.00   2.00   2.00   2.00 
  2.00   2.00   2.00   2.00   2.00   2.00   2.00   2.00 
 -0.81  -2.00   0.08   0.09   0.35   0.05  -0.01   2.00 
LEU THR
  2.00  -1.18  -1.64   0.21   1.76   2.00   2.00   2.00 
  2.00   2.00   2.00   2.00   2.00   2.00   2.00   2.00 
 -0.33  -1.97   0.22  -0.08   0.06  -0.31  -0.48   2.00 
LEU ILE
  2.00  -1.10  -1.72   0.69   2.00   2.00   2.00   2.00 
  2.00   2.00   2.00   2.00   2.00   2.00   2.00   2.00 
 -0.92  -2.09   0.11   0.17   0.60  -0.05   0.40   2.00 
LEU PRO
  2.00   0.74  -2.27  -2.02   0.31   2.00   2.00   2.00 
  2.00   2.00   2.00   2.00   2.00   2.00   2.00   2.00 
  1.43  -1.18   0.66   1.27   0.83   0.41   2.00   2.00 
LEU MET
  2.00  -0.73  -1.25   0.34   1.88   2.00   2.00   2.00 
  2.00   2.00   2.00   2.00   2.00   2.00   2.00   2.00 
 -1.13  -2.35  -0.04   0.15   0.54   0.63   0.24   2.00 
LEU ASP
  2.00  -0.14  -1.56  -0.74   0.14   1.60   1.65   2.00 
  2.00   2.00   2.00   2.00   2.00   2.00   2.00   2.00 
 -0.44  -2.16  -0.04   0.14  -0.07  -0.09   0.88   2.00 
LEU ASN
  2.00  -0.33  -1.33  -0.78  -0.14   1.45   1.31   2.00 
  2.00   2.00   2.00   2.00   2.00   2.00   2.00   2.00 
 -0.67  -2.10  -0.21   0.24  -0.03   0.02   0.20   2.00 
LEU LEU
  2.00  -0.59  -1.43   0.33   2.00   2.00   2.00   2.00 
  2.00   2.00   2.00   2.00   2.00   2.00   2.00   2.00 
 -1.16  -2.33   0.02   0.07   0.42   0.48   1.01   2.00 
LEU LYS
  2.00  -0.62  -1.23  -0.28   0.65   2.00   2.00   2.00 
  2.00   2.00   2.00   2.00   2.00   2.00   2.00   2.00 
 -0.96  -2.34   0.34   0.20   0.25   0.07   0.62   2.00 
LEU GLU
  2.00  -0.45  -1.07  -0.23   0.95   2.00   2.00   2.00 
  2.00   2.00   2.00   2.00   2.00   2.00   2.00   2.00 
 -1.05  -2.42   0.18   0.51   0.22   0.24   0.50   2.00 
LEU GLN
  2.00  -0.60  -1.08  -0.09   0.84   2.00   2.00   2.00 
  2.00   2.00   2.00   2.00   2.00   2.00   2.00   2.00 
 -0.97  -2.33  -0.04  -0.02   0.15   0.22   0.18   2.00 
LEU ARG
  2.00  -0.68  -1.20  -0.03   1.07   2.00   2.00   2.00 
  2.00   2.00   2.00   2.00   2.00   2.00   2.00   2.00 
 -0.97  -2.32   0.17   0.16   0.12   0.15   0.07   2.00 
LEU HIS
  2.00  -0.84  -1.34  -0.16   0.38   2.00   1.92   2.00 
  2.00   2.00   2.00   2.00   2.00   2.00   2.00   2.00 
 -0.66  -2.20  -0.05   0.34   0.18  -0.00  -0.18   2.00 
LEU PHE
  2.00  -1.12  -1.16   0.47   1.45   1.96   2.00   2.00 
  2.00   2.00   2.00   2.00   2.00   2.00   2.00   2.00 
 -0.82  -2.21  -0.20  -0.21   0.55   0.25  -0.33   2.00 
LEU TYR
  2.00  -1.30  -1.41   0.26   1.30   1.87   2.00   2.00 
  2.00   2.00   2.00   2.00   2.00   2.00   2.00   2.00 
 -0.75  -2.08   0.01   0.01   0.60   0.49  -0.51   2.00 
LEU TRP
  2.00  -1.05  -1.48   0.09   0.95   2.00   2.00   2.00 
  2.00   2.00   2.00   2.00   2.00   2.00   2.00   2.00 
 -0.73  -2.18  -0.01   0.26   0.26   0.47  -0.19   2.00 
LYS GLY
  2.00   0.35  -0.59  -0.87  -1.38   0.27  -0.34   1.82 
  2.00   2.00   2.00   2.00   2.00   2.00   2.00   2.00 
  0.21  -1.74  -0.06  -0.19  -0.44  -0.34  -0.05   2.00 
LYS ALA
  2.00  -0.18  -0.93  -0.36   1.16   1.98   2.00   2.00 
  2.00   2.00   2.00   2.00   2.00   2.00   2.00   2.00 
 -1.02  -2.43   0.38   0.13  -0.21   0.57   0.34   2.00 
LYS SER
  2.00  -0.36  -1.08  -0.49   0.53   1.38   1.58   2.00 
  2.00   2.00   2.00   2.00   2.00   2.00   2.00   2.00 
 -0.60  -2.16  -0.09  -0.50  -0.81   0.23   0.43   2.00 
LYS CYS
  2.00  -1.08  -1.78  -0.51   0.28   1.37   2.00   2.00 
  2.00   2.00   2.00   2.00   2.00   2.00   2.00   2.00 
 -0.19  -1.55  -0.01  -0.38  -0.54  -0.38   0.28   2.00 
LYS VAL
  2.00  -1.34  -1.80  -0.22   1.97   2.00   2.00   2.00 
  2.00   2.00   2.00   2.00   2.00   2.00   2.00   2.00 
 -0.68  -1.67   0.31  -0.08  -0.25  -0.33   0.13   2.00 
LYS THR
  2.00  -1.00  -1.22  -0.12   1.15   1.99   2.00   2.00 
  2.00   2.00   2.00   2.00   2.00   2.00   2.00   2.00 
 -0.63  -2.02  -0.24  -0.60  -0.56  -0.06   0.16   2.00 
LYS ILE
  2.00  -1.15  -1.65  -0.25   2.00   2.00   2.00   2.00 
  2.00   2.00   2.00   2.00   2.00   2.00   2.00   2.00 
 -0.92  -1.88   0.42  -0.20  -0.14  -0.37   0.40   2.00 
LYS PRO
  2.00   0.64  -2.30  -2.04   0.29   2.00   2.00   2.00 
  2.00   2.00   2.00   2.00   2.00   2.00   2.00   2.00 
  1.36  -0.84   1.13   1.58   0.46  -0.07   2.00   2.00 
LYS MET
  2.00  -0.51  -1.46   0.00   1.22   2.00   2.00   2.00 
  2.00   2.00   2.00   2.00   2.00   2.00   2.00   2.00 
 -0.86  -2.19   0.00  -0.10  -0.49   0.41   0.08   2.00 
LYS ASP
  2.00   0.46  -0.74  -0.49   0.14   0.44   0.04   2.00 
  2.00   2.00   2.00   2.00   2.00   2.00   2.00   2.00 
 -0.86  -2.27  -0.45  -0.37  -0.23   0.67   1.63   2.00 
LYS ASN
  2.00   0.07  -0.73  -0.35   0.01   0.48   0.24   2.00 
  2.00   2.00   2.00   2.00   2.00   2.00   2.00   2.00 
 -0.78  -2.21  -0.73  -0.45  -0.02   0.43   0.91   2.00 
LYS LEU
  2.00  -0.66  -1.48  -0.14   2.00   2.00   2.00   2.00 
  2.00   2.00   2.00   2.00   2.00   2.00   2.00   2.00 
 -0.93  -2.24   0.28   0.01  -0.36   0.19   1.01   2.00 
LYS LYS
  2.00  -0.09  -1.18  -0.72   0.27   1.64   1.70   2.00 
  2.00   2.00   2.00   2.00   2.00   2.00   2.00   2.00 
 -1.10  -2.19  -0.06  -0.21  -0.21   0.42   1.11   2.00 
LYS GLU
  2.00   0.39  -0.74  -0.43   0.67   1.58   1.58   2.00 
  2.00   2.00   2.00   2.00   2.00   2.00   2.00   2.00 
 -1.21  -2.45   0.00  -0.16   0.02   0.63   1.74   2.00 
LYS GLN
  2.00  -0.02  -0.89  -0.19   0.72   2.00   2.00   2.00 
  2.00   2.00   2.00   2.00   2.00   2.00   2.00   2.00 
 -1.10  -2.38  -0.02   0.00  -0.32   0.09   0.76   2.00 
LYS ARG
  2.00  -0.10  -1.14  -0.44   0.56   1.89   2.00   2.00 
  2.00   2.00   2.00   2.00   2.00   2.00   2.00   2.00 
 -1.01  -2.29  -0.04  -0.32  -0.32   0.51   0.87   2.00 
LYS HIS
  2.00  -0.19  -0.94  -0.52   0.67   1.37   1.70   2.00 
  2.00   2.00   2.00   2.00   2.00   2.00   2.00   2.00 
 -0.80  -2.24  -0.71  -0.60   0.09   0.32   0.75   2.00 
LYS PHE
  2.00  -0.93  -1.32  -0.17   1.21   2.00   2.00   2.00 
  2.00   2.00   2.00   2.00   2.00   2.00   2.00   2.00 
 -0.82  -2.06  -0.24  -0.26  -0.12   0.14  -0.24   2.00 
LYS TYR
  2.00  -0.88  -0.91  -0.01   1.48   2.00   2.00   2.00 
  2.00   2.00   2.00   2.00   2.00   2.00   2.00   2.00 
 -1.01  -2.15  -0.46  -0.61  -0.15   0.70  -0.15   2.00 
LYS TRP
  2.00  -0.93  -1.38  -0.64   1.24   1.75   1.75   2.00 
  2.00   2.00   2.00   2.00   2.00   2.00   2.00   2.00 
 -1.02  -2.03  -0.24   0.45  -0.33   1.24   0.08   2.00 
GLU GLY
  2.00   0.79  -0.25  -0.76  -1.29   0.20  -0.36   1.68 
  2.00   2.00   2.00   2.00   2.00   2.00   2.00   2.00 
  0.08  -1.93  -0.38   0.04  -0.36  -0.35   0.05   2.00 
GLU ALA
  2.00   0.13  -0.53  -0.25   1.06   2.00   2.00   2.00 
  2.00   2.00   2.00   2.00   2.00   2.00   2.00   2.00 
 -1.15  -2.57   0.45   0.30   0.15   0.79   0.46   2.00 
GLU SER
  2.00  -0.22  -0.96  -0.55   0.26   1.14   1.46   2.00 
  2.00   2.00   2.00   2.00   2.00   2.00   2.00   2.00 
 -0.72  -2.23  -0.21  -0.35  -0.41   0.24   0.38   2.00 
GLU CYS
  2.00  -0.78  -1.49  -0.24   1.03   1.59   1.59   2.00 
  2.00   2.00   2.00   2.00   2.00   2.00   2.00   2.00 
 -0.52  -2.01  -0.07  -0.24  -0.66   0.27  -0.16   2.00 
GLU VAL
  2.00  -1.23  -1.56  -0.07   2.00   2.00   2.00   2.00 
  2.00   2.00   2.00   2.00   2.00   2.00   2.00   2.00 
 -1.00  -1.97   0.13  -0.05   0.11   0.08   0.11   2.00 
GLU THR
  2.00  -0.82  -1.11  -0.15   1.67   2.00   2.00   2.00 
  2.00   2.00   2.00   2.00   2.00   2.00   2.00   2.00 
 -0.81  -2.21  -0.03  -0.21  -0.36  -0.20   0.21   2.00 
GLU ILE
  2.00  -0.87  -1.50   0.08   2.00   2.00   2.00   2.00 
  2.00   2.00   2.00   2.00   2.00   2.00   2.00   2.00 
 -1.18  -2.10   0.12  -0.20   0.04   0.19   0.39   2.00 
GLU PRO
  2.00   0.67  -2.16  -2.07   0.09   2.00   2.00   2.00 
  2.00   2.00   2.00   2.00   2.00   2.00   2.00   2.00 
  0.76  -1.01   0.42   1.29   0.21   0.07   2.00   2.00 
GLU MET
  2.00  -0.50  -0.86   0.08   1.56   2.00   2.00   2.00 
  2.00   2.00   2.00   2.00   2.00   2.00   2.00   2.00 
 -1.16  -2.42   0.25   0.04   0.11   0.37   0.04   2.00 
GLU ASP
  2.00   0.85  -0.66  -0.64   0.44   0.92   0.92   2.00 
  2.00   2.00   2.00   2.00   2.00   2.00   2.00   2.00 
 -0.95  -2.37  -0.45  -0.26  -0.16   0.64   0.92   2.00 
GLU ASN
  2.00   0.28  -0.52  -0.25   0.17   0.34   0.11   2.00 
  2.00   2.00   2.00   2.00   2.00   2.00   2.00   2.00 
 -0.87  -2.35  -0.54  -0.16  -0.04   0.47   1.03   2.00 
GLU LEU
  2.00  -0.39  -1.21   0.02   1.99   2.00   2.00   2.00 
  2.00   2.00   2.00   2.00   2.00   2.00   2.00   2.00 
 -1.26  -2.40   0.26   0.23   0.13   0.43   1.19   2.00 
GLU LYS
  2.00   0.22  -0.84  -0.36   0.59   1.59   1.64   2.00 
  2.00   2.00   2.00   2.00   2.00   2.00   2.00   2.00 
 -1.18  -2.42  -0.25  -0.08   0.31   0.62   1.11   2.00 
GLU GLU
  2.00   0.62  -0.68  -0.48   1.00   1.80   1.65   2.00 
  2.00   2.00   2.00   2.00   2.00   2.00   2.00   2.00 
 -1.28  -2.51   0.06   0.18   0.13   1.20   1.70   2.00 
GLU GLN
  2.00   0.44  -0.51  -0.21   1.16   1.69   2.00   2.00 
  2.00   2.00   2.00   2.00   2.00   2.00   2.00   2.00 
 -1.29  -2.54  -0.15   0.08   0.19   1.00   1.29   2.00 
GLU ARG
  2.00   0.17  -0.89  -0.37   0.87   2.00   1.70   2.00 
  2.00   2.00   2.00   2.00   2.00   2.00   2.00   2.00 
 -1.21  -2.41  -0.06  -0.20   0.14   0.63   0.90   2.00 
GLU HIS
  2.00  -0.18  -0.59  -0.09   0.82   2.00   1.59   2.00 
  2.00   2.00   2.00   2.00   2.00   2.00   2.00   2.00 
 -0.94  -2.27  -0.85  -0.53  -0.31   0.34   0.29   2.00 
GLU PHE
  2.00  -1.05  -1.20   0.21   1.80   1.80   2.00   2.00 
  2.00   2.00   2.00   2.00   2.00   2.00   2.00   2.00 
 -0.81  -2.22  -0.10  -0.10   0.36   0.41  -0.44   2.00 
GLU TYR
  2.00  -0.94  -1.02   0.12   0.89   2.00   2.00   2.00 
  2.00   2.00   2.00   2.00   2.00   2.00   2.00   2.00 
 -1.02  -2.24  -0.03  -0.20  -0.09   0.66  -0.14   2.00 
GLU TRP
  2.00  -0.34  -1.35  -0.49   0.69   2.00   2.00   2.00 
  2.00   2.00   2.00   2.00   2.00   2.00   2.00   2.00 
 -0.93  -2.23   0.32  -0.00  -0.13  -0.00   0.20   2.00 
GLN GLY
  2.00   0.54  -0.46  -0.99  -1.52   0.51  -0.36   2.00 
  2.00   2.00   2.00   2.00   2.00   2.00   2.00   2.00 
 -0.01  -1.64  -0.14   0.05  -0.57  -0.23  -0.11   2.00 
GLN ALA
  2.00   0.05  -0.79  -0.32   1.08   2.00   2.00   2.00 
  2.00   2.00   2.00   2.00   2.00   2.00   2.00   2.00 
 -1.21  -2.44   0.21   0.07  -0.14   0.66   0.47   2.00 
GLN SER
  2.00  -0.53  -1.27  -0.55   0.50   1.23   1.72   2.00 
  2.00   2.00   2.00   2.00   2.00   2.00   2.00   2.00 
 -0.55  -2.05  -0.21  -0.62  -0.65   0.21   0.54   2.00 
GLN CYS
  2.00  -0.92  -1.39  -0.49   0.74   2.00   1.08   2.00 
  2.00   2.00   2.00   2.00   2.00   2.00   2.00   2.00 
 -0.78  -1.77   0.05  -0.14  -0.75  -0.26  -0.20   2.00 
GLN VAL
  2.00  -1.21  -1.70   0.25   2.00   2.00   2.00   2.00 
  2.00   2.00   2.00   2.00   2.00   2.00   2.00   2.00 
 -0.74  -1.91   0.20  -0.21  -0.03  -0.17  -0.03   2.00 
GLN THR
  2.00  -0.88  -1.43  -0.25   1.54   2.00   1.95   2.00 
  2.00   2.00   2.00   2.00   2.00   2.00   2.00   2.00 
 -0.70  -1.97  -0.34  -0.27  -0.63  -0.05   0.24   2.00 
GLN ILE
  2.00  -1.15  -1.56   0.02   2.00   2.00   2.00   2.00 
  2.00   2.00   2.00   2.00   2.00   2.00   2.00   2.00 
 -0.97  -1.97   0.41  -0.30  -0.37   0.08   0.32   2.00 
GLN PRO
  2.00   0.52  -2.25  -2.01   0.15   2.00   2.00   2.00 
  2.00   2.00   2.00   2.00   2.00   2.00   2.00   2.00 
  0.81  -0.82   0.22   1.03   0.42   0.08   2.00   2.00 
GLN MET
  2.00  -0.89  -0.80  -0.15   1.28   2.00   1.79   2.00 
  2.00   2.00   2.00   2.00   2.00   2.00   2.00   2.00 
 -1.06  -2.32   0.25  -0.11  -0.37   0.33   0.49   2.00 
GLN ASP
  2.00   0.08  -1.14  -0.71   0.72   1.46   0.72   2.00 
  2.00   2.00   2.00   2.00   2.00   2.00   2.00   2.00 
 -0.85  -2.14  -0.36  -0.69  -0.38   0.43   1.28   2.00 
GLN ASN
  2.00   0.28  -0.98  -0.19  -0.14   0.70   0.24   2.00 
  2.00   2.00   2.00   2.00   2.00   2.00   2.00   2.00 
 -0.78  -2.18  -0.40  -0.55  -0.45   0.31   1.16   2.00 
GLN LEU
  2.00  -0.28  -1.35  -0.00   2.00   2.00   2.00   2.00 
  2.00   2.00   2.00   2.00   2.00   2.00   2.00   2.00 
 -1.10  -2.34   0.28  -0.11  -0.18   0.35   0.81   2.00 
GLN LYS
  2.00   0.01  -1.09  -0.47   0.79   1.57   2.00   2.00 
  2.00   2.00   2.00   2.00   2.00   2.00   2.00   2.00 
 -1.24  -2.35  -0.05   0.14  -0.01   0.70   1.17   2.00 
GLN GLU
  2.00  -0.10  -1.02  -0.33   0.63   2.00   2.00   2.00 
  2.00   2.00   2.00   2.00   2.00   2.00   2.00   2.00 
 -1.24  -2.43   0.29   0.13   0.09   0.87   1.66   2.00 
GLN GLN
  2.00  -0.44  -0.81  -0.04   0.90   1.88   2.00   2.00 
  2.00   2.00   2.00   2.00   2.00   2.00   2.00   2.00 
 -1.34  -2.37  -0.06  -0.01  -0.20   0.73   1.60   2.00 
GLN ARG
  2.00  -0.42  -1.02  -0.21   0.24   1.66   2.00   2.00 
  2.00   2.00   2.00   2.00   2.00   2.00   2.00   2.00 
 -0.96  -2.31  -0.07  -0.36  -0.07   0.60   0.56   2.00 
GLN HIS
  2.00  -0.18  -0.88   0.01   0.39   1.34   1.85   2.00 
  2.00   2.00   2.00   2.00   2.00   2.00   2.00   2.00 
 -0.79  -2.35  -0.66  -0.27   0.06   0.87   0.01   2.00 
GLN PHE
  2.00  -1.23  -1.14   0.34   2.00   2.00   1.87   2.00 
  2.00   2.00   2.00   2.00   2.00   2.00   2.00   2.00 
 -0.70  -2.20  -0.08  -0.08  -0.14   0.64  -0.35   2.00 
GLN TYR
  2.00  -1.09  -1.08  -0.15   1.46   1.46   2.00   2.00 
  2.00   2.00   2.00   2.00   2.00   2.00   2.00   2.00 
 -0.94  -2.20  -0.38  -0.21   0.07   0.69   0.46   2.00 
GLN TRP
  2.00  -0.88  -1.38  -0.45   1.20   2.00   1.90   2.00 
  2.00   2.00   2.00   2.00   2.00   2.00   2.00   2.00 
 -0.67  -2.15   0.03   0.11  -0.24   0.80  -0.35   2.00 
ARG GLY
  2.00  -0.09  -0.50  -1.03  -1.51   0.54  -0.10   2.00 
  2.00   2.00   2.00   2.00   2.00   2.00   2.00   2.00 
  0.07  -1.57   0.01   0.12  -0.46  -0.55  -0.18   2.00 
ARG ALA
  2.00  -0.33  -0.93  -0.26   1.26   2.00   2.00   2.00 
  2.00   2.00   2.00   2.00   2.00   2.00   2.00   2.00 
 -1.10  -2.42   0.48   0.23  -0.27   0.38   0.29   2.00 
ARG SER
  2.00  -0.59  -1.17  -0.55   0.66   1.03   2.00   2.00 
  2.00   2.00   2.00   2.00   2.00   2.00   2.00   2.00 
 -0.56  -2.03  -0.18  -0.54  -0.77  -0.04   0.31   2.00 
ARG CYS
  2.00  -1.25  -1.62  -0.57   0.27   2.00   1.44   2.00 
  2.00   2.00   2.00   2.00   2.00   2.00   2.00   2.00 
 -0.70  -1.64  -0.21   0.06  -0.47   0.53  -0.00   2.00 
ARG VAL
  2.00  -1.44  -1.74  -0.06   2.00   2.00   2.00   2.00 
  2.00   2.00   2.00   2.00   2.00   2.00   2.00   2.00 
 -0.53  -1.75   0.38  -0.18  -0.18  -0.23   0.02   2.00 
ARG THR
  2.00  -0.99  -1.44  -0.05   1.76   2.00   1.76   2.00 
  2.00   2.00   2.00   2.00   2.00   2.00   2.00   2.00 
 -0.55  -1.98  -0.14  -0.48  -0.67   0.02  -0.03   2.00 
ARG ILE
  2.00  -1.21  -1.65  -0.07   1.97   2.00   2.00   2.00 
  2.00   2.00   2.00   2.00   2.00   2.00   2.00   2.00 
 -0.98  -1.92   0.21   0.02  -0.17  -0.13   0.53   2.00 
ARG PRO
  2.00   0.75  -2.28  -2.09   0.53   2.00   2.00   2.00 
  2.00   2.00   2.00   2.00   2.00   2.00   2.00   2.00 
  1.71  -0.78   0.53   1.31   0.10   0.30   2.00   2.00 
ARG MET
  2.00  -0.61  -1.19   0.06   2.00   1.71   2.00   2.00 
  2.00   2.00   2.00   2.00   2.00   2.00   2.00   2.00 
 -1.01  -2.34   0.46  -0.08  -0.27   0.27   0.33   2.00 
ARG ASP
  2.00   0.26  -1.14  -0.69   0.64   1.34   1.11   2.00 
  2.00   2.00   2.00   2.00   2.00   2.00   2.00   2.00 
 -0.95  -2.24  -0.37  -0.22  -0.21   0.42   1.07   2.00 
ARG ASN
  2.00   0.18  -1.03  -0.54  -0.04   0.79   0.00   2.00 
  2.00   2.00   2.00   2.00   2.00   2.00   2.00   2.00 
 -0.86  -2.09  -0.56  -0.49  -0.14   0.39   0.74   2.00 
ARG LEU
  2.00  -0.71  -1.48  -0.13   1.82   2.00   2.00   2.00 
  2.00   2.00   2.00   2.00   2.00   2.00   2.00   2.00 
 -1.07  -2.24   0.28   0.15  -0.11   0.33   0.87   2.00 
ARG LYS
  2.00  -0.20  -1.13  -0.76   0.38   1.53   1.53   2.00 
  2.00   2.00   2.00   2.00   2.00   2.00   2.00   2.00 
 -1.18  -2.20   0.03   0.14  -0.15   0.36   0.84   2.00 
ARG GLU
  2.00   0.14  -0.86  -0.47   1.11   2.00   1.93   2.00 
  2.00   2.00   2.00   2.00   2.00   2.00   2.00   2.00 
 -1.11  -2.50   0.16  -0.03   0.25   0.86   1.29   2.00 
ARG GLN
  2.00  -0.18  -1.02  -0.14   0.53   1.92   1.51   2.00 
  2.00   2.00   2.00   2.00   2.00   2.00   2.00   2.00 
 -1.32  -2.31   0.15   0.10  -0.24   0.53   0.76   2.00 
ARG ARG
  2.00  -0.49  -1.13  -0.39   0.59   1.83   2.00   2.00 
  2.00   2.00   2.00   2.00   2.00   2.00   2.00   2.00 
 -1.22  -2.22   0.22  -0.22  -0.07   0.27   0.63   2.00 
ARG HIS
  2.00  -0.55  -0.87  -0.28   0.35   2.00   1.39   2.00 
  2.00   2.00   2.00   2.00   2.00   2.00   2.00   2.00 
 -0.91  -2.16  -0.60  -0.42  -0.40   0.19   0.41   2.00 
ARG PHE
  2.00  -1.23  -1.34   0.23   1.44   1.89   1.89   2.00 
  2.00   2.00   2.00   2.00   2.00   2.00   2.00   2.00 
 -0.69  -2.03  -0.17  -0.35  -0.11   0.26  -0.24   2.00 
ARG TYR
  2.00  -1.11  -1.15  -0.12   1.04   2.00   2.00   2.00 
  2.00   2.00   2.00   2.00   2.00   2.00   2.00   2.00 
 -0.63  -2.19  -0.18  -0.29  -0.01   0.49  -0.16   2.00 
ARG TRP
  2.00  -0.85  -1.41  -0.21   0.94   2.00   2.00   2.00 
  2.00   2.00   2.00   2.00   2.00   2.00   2.00   2.00 
 -1.05  -2.01   0.25  -0.10  -0.45   0.33  -0.36   2.00 
HIS GLY
  2.00  -0.32  -0.98  -1.38  -1.47   0.19  -0.26   1.98 
  2.00   2.00   2.00   2.00   2.00   2.00   2.00   2.00 
  0.88  -1.11   0.15   0.19  -0.59  -0.34   0.00   2.00 
HIS ALA
  2.00  -0.64  -0.96  -0.87   0.75   1.44   1.58   2.00 
  2.00   2.00   2.00   2.00   2.00   2.00   2.00   2.00 
 -0.80  -2.05   0.19  -0.26  -0.59  -0.22  -0.00   2.00 
HIS SER
  2.00  -0.80  -1.48  -0.58   0.22   1.11   1.92   2.00 
  2.00   2.00   2.00   2.00   2.00   2.00   2.00   2.00 
  0.02  -1.79   0.13  -0.70  -0.80  -0.22   0.02   2.00 
HIS CYS
  2.00  -0.60  -1.58  -0.36   1.25   1.65   1.25   2.00 
  2.00   2.00   2.00   2.00   2.00   2.00   2.00   2.00 
 -0.54  -1.71  -0.43  -0.49  -0.79  -0.60   0.56   2.00 
HIS VAL
  2.00  -1.32  -1.67  -0.32   1.67   2.00   2.00   2.00 
  2.00   2.00   2.00   2.00   2.00   2.00   2.00   2.00 
 -0.45  -1.66   0.21  -0.36  -0.75  -0.25   0.21   2.00 
HIS THR
  2.00  -1.17  -1.40  -0.44   0.61   1.93   1.71   2.00 
  2.00   2.00   2.00   2.00   2.00   2.00   2.00   2.00 
  0.18  -1.78   0.10  -0.49  -0.90  -0.34  -0.12   2.00 
HIS ILE
  2.00  -1.32  -1.66  -0.10   1.54   2.00   2.00   2.00 
  2.00   2.00   2.00   2.00   2.00   2.00   2.00   2.00 
 -0.54  -1.81   0.08  -0.62  -0.07  -0.10   0.08   2.00 
HIS PRO
  2.00   1.27  -1.89  -2.35   0.58   2.00   2.00   2.00 
  2.00   2.00   2.00   2.00   2.00   2.00   2.00   2.00 
  1.97   0.02   0.71   0.95  -0.67  -0.67   2.00   2.00 
HIS MET
  2.00  -0.71  -0.94  -0.14   0.34   1.73   1.73   2.00 
  2.00   2.00   2.00   2.00   2.00   2.00   2.00   2.00 
 -0.57  -2.04   0.23  -0.71  -0.94  -0.28   0.12   2.00 
HIS ASP
  2.00   0.37  -1.47  -0.95   0.32   0.43   0.90   2.00 
  2.00   2.00   2.00   2.00   2.00   2.00   2.00   2.00 
 -0.55  -1.93  -0.05  -0.35  -0.82   0.32   0.72   2.00 
HIS ASN
  2.00  -0.53  -1.14  -0.81  -0.59   0.83   0.51   1.52 
  2.00   2.00   2.00   2.00   2.00   2.00   2.00   2.00 
 -0.56  -1.76  -0.35  -0.09  -0.59  -0.14   0.13   2.00 
HIS LEU
  2.00  -0.94  -1.39  -0.38   1.76   2.00   2.00   2.00 
  2.00   2.00   2.00   2.00   2.00   2.00   2.00   2.00 
 -0.70  -2.08  -0.11  -0.03  -0.63  -0.13   0.84   2.00 
HIS LYS
  2.00  -0.54  -1.34  -1.19   0.56   1.52   1.05   2.00 
  2.00   2.00   2.00   2.00   2.00   2.00   2.00   2.00 
 -0.46  -1.93  -0.31   0.03  -0.61   0.18   0.64   2.00 
HIS GLU
  2.00  -0.21  -0.80  -1.09   0.62   1.47   1.87   2.00 
  2.00   2.00   2.00   2.00   2.00   2.00   2.00   2.00 
 -0.73  -2.32   0.08   0.12  -0.38   0.08   1.47   2.00 
HIS GLN
  2.00  -0.78  -1.13  -1.01   0.46   1.25   1.47   2.00 
  2.00   2.00   2.00   2.00   2.00   2.00   2.00   2.00 
 -0.61  -1.99   0.15  -0.03  -0.70  -0.14   0.46   2.00 
HIS ARG
  2.00  -0.67  -1.38  -0.69   0.28   1.17   1.32   2.00 
  2.00   2.00   2.00   2.00   2.00   2.00   2.00   2.00 
 -0.55  -2.00   0.22  -0.35  -0.44  -0.02   0.17   2.00 
HIS HIS
  2.00  -0.63  -1.17  -0.95   0.20   0.76   0.89   2.00 
  2.00   2.00   2.00   2.00   2.00   2.00   2.00   2.00 
 -0.38  -1.80  -0.30  -0.42  -0.72   0.07  -0.21   2.00 
HIS PHE
  2.00  -1.19  -1.41  -0.15   0.47   2.00   2.00   2.00 
  2.00   2.00   2.00   2.00   2.00   2.00   2.00   2.00 
 -0.26  -1.77  -0.11  -0.76  -0.67  -0.22   0.02   2.00 
HIS TYR
  2.00  -1.44  -1.24  -0.25   1.23   2.00   2.00   2.00 
  2.00   2.00   2.00   2.00   2.00   2.00   2.00   2.00 
 -0.46  -1.89  -0.05  -0.16  -0.71  -0.16  -0.05   2.00 
HIS TRP
  2.00  -1.02  -1.31  -0.77   0.51   2.00   2.00   2.00 
  2.00   2.00   2.00   2.00   2.00   2.00   2.00   2.00 
 -0.65  -1.96   0.33   0.33  -0.65   0.33  -0.44   2.00 
PHE GLY
  2.00  -0.47  -1.17  -1.10  -1.02   0.72   0.52   1.98 
  2.00   2.00   2.00   2.00   2.00   2.00   2.00   2.00 
  0.31  -1.45   0.02  -0.08  -0.40  -0.49  -0.67   2.00 
PHE ALA
  2.00  -0.99  -1.06  -0.26   1.04   1.43   1.83   2.00 
  2.00   2.00   2.00   2.00   2.00   2.00   2.00   2.00 
 -0.60  -2.18   0.04   0.01  -0.25   0.06  -0.39   2.00 
PHE SER
  2.00  -1.38  -1.57  -0.38   0.50   1.83   2.00   2.00 
  2.00   2.00   2.00   2.00   2.00   2.00   2.00   2.00 
  0.20  -1.64   0.04  -0.25  -0.45  -0.29  -0.56   2.00 
PHE CYS
  2.00  -1.48  -1.75  -0.53   0.68   2.00   1.37   2.00 
  2.00   2.00   2.00   2.00   2.00   2.00   2.00   2.00 
  0.07  -1.68   0.16   0.39  -0.53   0.39  -0.10   2.00 
PHE VAL
  2.00  -1.57  -1.73   0.21   1.84   2.00   2.00   2.00 
  2.00   2.00   2.00   2.00   2.00   2.00   2.00   2.00 
 -0.79  -1.76   0.61   0.19   0.33  -0.24  -0.16   2.00 
PHE THR
  2.00  -1.70  -1.59   0.00   1.49   2.00   2.00   2.00 
  2.00   2.00   2.00   2.00   2.00   2.00   2.00   2.00 
  0.08  -1.54   0.06   0.00  -0.25  -0.59  -0.48   2.00 
PHE ILE
  2.00  -1.50  -1.67   0.58   2.00   2.00   2.00   2.00 
  2.00   2.00   2.00   2.00   2.00   2.00   2.00   2.00 
 -0.74  -1.94   0.33   0.23   0.18  -0.09   0.02   2.00 
PHE PRO
  2.00   0.51  -2.20  -1.84   0.32   2.00   2.00   2.00 
  2.00   2.00   2.00   2.00   2.00   2.00   2.00   2.00 
  0.75  -0.84   0.13   0.98  -0.39  -0.50   2.00   2.00 
PHE MET
  2.00  -1.06  -1.08   0.34   1.44   2.00   1.73   2.00 
  2.00   2.00   2.00   2.00   2.00   2.00   2.00   2.00 
 -1.10  -2.18   0.19  -0.43  -0.17   0.43   0.12   2.00 
PHE ASP
  2.00  -0.75  -1.90  -1.06   0.45   2.00   1.44   2.00 
  2.00   2.00   2.00   2.00   2.00   2.00   2.00   2.00 
  0.27  -1.67  -0.00  -0.04  -0.20  -0.02   0.07   2.00 
PHE ASN
  2.00  -0.76  -1.60  -0.66   0.11   0.75   0.80   2.00 
  2.00   2.00   2.00   2.00   2.00   2.00   2.00   2.00 
 -0.50  -1.81  -0.04   0.14   0.06  -0.38  -0.04   2.00 
PHE LEU
  2.00  -0.99  -1.32   0.34   2.00   2.00   2.00   2.00 
  2.00   2.00   2.00   2.00   2.00   2.00   2.00   2.00 
 -1.03  -2.26   0.26   0.22   0.09   0.17   0.12   2.00 
PHE LYS
  2.00  -1.07  -1.66  -0.63   1.13   2.00   2.00   2.00 
  2.00   2.00   2.00   2.00   2.00   2.00   2.00   2.00 
 -0.47  -1.86   0.20   0.03  -0.37   0.01  -0.18   2.00 
PHE GLU
  2.00  -1.18  -1.36  -0.39   2.00   2.00   1.76   2.00 
  2.00   2.00   2.00   2.00   2.00   2.00   2.00   2.00 
 -0.69  -2.09   0.06   0.10  -0.19   0.26  -0.09   2.00 
PHE GLN
  2.00  -1.25  -1.59  -0.34   1.27   2.00   1.86   2.00 
  2.00   2.00   2.00   2.00   2.00   2.00   2.00   2.00 
 -0.61  -1.94   0.47  -0.14  -0.29   0.04   0.14   2.00 
PHE ARG
  2.00  -1.10  -1.38  -0.19   0.93   1.82   2.00   2.00 
  2.00   2.00   2.00   2.00   2.00   2.00   2.00   2.00 
 -0.59  -2.04   0.33   0.15  -0.40  -0.09  -0.41   2.00 
PHE HIS
  2.00  -1.22  -1.59  -0.44   2.00   2.00   1.39   2.00 
  2.00   2.00   2.00   2.00   2.00   2.00   2.00   2.00 
 -0.69  -1.70   0.05  -0.10  -0.14  -0.37  -0.44   2.00 
PHE PHE
  2.00  -1.37  -1.27   0.41   1.66   2.00   2.00   2.00 
  2.00   2.00   2.00   2.00   2.00   2.00   2.00   2.00 
 -1.06  -1.97  -0.29  -0.21   0.15   0.23  -0.16   2.00 
PHE TYR
  2.00  -1.56  -1.52   0.31   1.61   2.00   1.20   2.00 
  2.00   2.00   2.00   2.00   2.00   2.00   2.00   2.00 
 -0.57  -1.91   0.10   0.18   0.26   0.06  -0.32   2.00 
PHE TRP
  2.00  -1.12  -1.50  -0.15   2.00   2.00   2.00   2.00 
  2.00   2.00   2.00   2.00   2.00   2.00   2.00   2.00 
 -0.91  -2.10   0.01   0.29   0.41   0.41  -0.40   2.00 
TYR GLY
  2.00  -0.63  -1.06  -1.18  -1.16   0.20   0.34   2.00 
  2.00   2.00   2.00   2.00   2.00   2.00   2.00   2.00 
  0.55  -1.33  -0.00   0.01  -0.29  -0.56  -0.58   2.00 
TYR ALA
  2.00  -1.14  -1.18  -0.20   0.84   1.90   1.78   2.00 
  2.00   2.00   2.00   2.00   2.00   2.00   2.00   2.00 
 -0.59  -2.13   0.29  -0.30  -0.21   0.10  -0.14   2.00 
TYR SER
  2.00  -1.42  -1.38  -0.45   0.86   1.42   2.00   2.00 
  2.00   2.00   2.00   2.00   2.00   2.00   2.00   2.00 
  0.27  -1.73   0.10  -0.44  -0.33  -0.29  -0.69   2.00 
TYR CYS
  2.00  -1.33  -1.65  -0.40   0.56   2.00   1.03   2.00 
  2.00   2.00   2.00   2.00   2.00   2.00   2.00   2.00 
  0.00  -1.55  -0.49   0.08  -0.40  -0.07  -0.58   2.00 
TYR VAL
  2.00  -1.71  -1.73   0.20   2.00   2.00   2.00   2.00 
  2.00   2.00   2.00   2.00   2.00   2.00   2.00   2.00 
 -0.43  -1.67   1.06   0.08  -0.19  -0.27  -0.15   2.00 
TYR THR
  2.00  -1.87  -1.65   0.10   1.87   2.00   2.00   2.00 
  2.00   2.00   2.00   2.00   2.00   2.00   2.00   2.00 
  0.01  -1.48   0.38   0.29  -0.13  -0.34  -0.59   2.00 
TYR ILE
  2.00  -1.57  -1.68  -0.03   2.00   2.00   2.00   2.00 
  2.00   2.00   2.00   2.00   2.00   2.00   2.00   2.00 
 -0.53  -1.90   0.20   0.38   0.17  -0.13   0.34   2.00 
TYR PRO
  2.00   0.86  -2.15  -1.83   0.86   1.96   2.00   2.00 
  2.00   2.00   2.00   2.00   2.00   2.00   2.00   2.00 
  0.93  -1.05  -0.09   0.63  -0.49  -0.47   2.00   2.00 
TYR MET
  2.00  -1.21  -1.27   0.28   1.58   1.99   2.00   2.00 
  2.00   2.00   2.00   2.00   2.00   2.00   2.00   2.00 
 -0.96  -2.12   0.38  -0.36  -0.15   0.48  -0.09   2.00 
TYR ASP
  2.00  -0.69  -1.88  -0.81   0.69   2.00   1.47   2.00 
  2.00   2.00   2.00   2.00   2.00   2.00   2.00   2.00 
 -0.23  -1.67  -0.32  -0.28  -0.23  -0.12   0.31   2.00 
TYR ASN
  2.00  -0.54  -1.55  -0.68   0.18   0.84   0.48   2.00 
  2.00   2.00   2.00   2.00   2.00   2.00   2.00   2.00 
 -0.50  -1.89  -0.15  -0.12  -0.12  -0.19   0.32   2.00 
TYR LEU
  2.00  -0.95  -1.44   0.02   1.68   2.00   2.00   2.00 
  2.00   2.00   2.00   2.00   2.00   2.00   2.00   2.00 
 -0.97  -2.24   0.19   0.55   0.02   0.45   0.40   2.00 
TYR LYS
  2.00  -1.15  -1.33  -0.49   0.47   1.09   1.17   2.00 
  2.00   2.00   2.00   2.00   2.00   2.00   2.00   2.00 
 -0.59  -1.95   0.24  -0.10  -0.12  -0.41   0.30   2.00 
TYR GLU
  2.00  -1.19  -1.43  -0.46   0.81   1.32   2.00   2.00 
  2.00   2.00   2.00   2.00   2.00   2.00   2.00   2.00 
 -0.60  -2.12   0.22   0.37   0.02   0.28   0.22   2.00 
TYR GLN
  2.00  -1.12  -1.33  -0.41   0.83   1.32   1.79   2.00 
  2.00   2.00   2.00   2.00   2.00   2.00   2.00   2.00 
 -0.68  -2.14   0.51   0.40   0.14   0.03  -0.13   2.00 
TYR ARG
  2.00  -1.25  -1.48  -0.22   1.02   1.65   2.00   2.00 
  2.00   2.00   2.00   2.00   2.00   2.00   2.00   2.00 
 -0.42  -1.95   0.26  -0.06  -0.14  -0.26  -0.20   2.00 
TYR HIS
  2.00  -1.33  -1.47  -0.52   0.87   1.72   0.87   2.00 
  2.00   2.00   2.00   2.00   2.00   2.00   2.00   2.00 
 -0.36  -1.72   0.18  -0.07   0.04  -0.32  -0.62   2.00 
TYR PHE
  2.00  -1.45  -1.41   0.23   2.00   1.65   1.65   2.00 
  2.00   2.00   2.00   2.00   2.00   2.00   2.00   2.00 
 -0.61  -1.97  -0.02  -0.24  -0.05   0.67  -0.40   2.00 
TYR TYR
  2.00  -1.49  -1.48   0.43   1.48   1.82   2.00   2.00 
  2.00   2.00   2.00   2.00   2.00   2.00   2.00   2.00 
 -0.51  -1.75  -0.45  -0.04   0.09  -0.01  -0.67   2.00 
TYR TRP
  2.00  -1.45  -1.45  -0.54   1.40   1.81   2.00   2.00 
  2.00   2.00   2.00   2.00   2.00   2.00   2.00   2.00 
 -0.59  -1.90  -0.33   0.30   0.10   0.30  -0.06   2.00 
TRP GLY
  2.00  -0.65  -0.86  -1.01  -0.95   0.98   0.62   2.00 
  2.00   2.00   2.00   2.00   2.00   2.00   2.00   2.00 
  0.47  -1.68  -0.31   0.19  -0.40  -0.69  -0.58   2.00 
TRP ALA
  2.00  -0.79  -0.71   0.07   1.51   1.73   2.00   2.00 
  2.00   2.00   2.00   2.00   2.00   2.00   2.00   2.00 
 -0.69  -2.39  -0.18  -0.28  -0.02   0.07   0.03   2.00 
TRP SER
  2.00  -1.32  -1.36  -0.70   0.48   1.18   2.00   2.00 
  2.00   2.00   2.00   2.00   2.00   2.00   2.00   2.00 
  0.14  -1.88  -0.08  -0.12  -0.21   0.08  -0.40   2.00 
TRP CYS
  2.00  -1.98  -1.45   0.58   1.68   2.00   2.00   2.00 
  2.00   2.00   2.00   2.00   2.00   2.00   2.00   2.00 
  0.07  -1.36   0.30  -0.11  -1.15   0.30  -0.11   2.00 
TRP VAL
  2.00  -1.37  -1.76  -0.05   2.00   2.00   2.00   2.00 
  2.00   2.00   2.00   2.00   2.00   2.00   2.00   2.00 
 -0.53  -1.87   0.80   0.11   0.43  -0.33  -0.33   2.00 
TRP THR
  2.00  -1.61  -1.69  -0.11   2.00   1.88   2.00   2.00 
  2.00   2.00   2.00   2.00   2.00   2.00   2.00   2.00 
  0.09  -1.79  -0.11   0.03  -0.16   0.27  -0.32   2.00 
TRP ILE
  2.00  -1.38  -1.53   0.16   1.55   2.00   2.00   2.00 
  2.00   2.00   2.00   2.00   2.00   2.00   2.00   2.00 
 -0.68  -2.12   0.45  -0.12   0.35   0.08   0.70   2.00 
TRP PRO
  2.00   1.72  -2.14  -1.58   2.00   2.00   2.00   2.00 
  2.00   2.00   2.00   2.00   2.00   2.00   2.00   2.00 
  2.00  -1.50  -0.59   1.72  -0.59  -0.59   2.00   2.00 
TRP MET
  2.00  -1.17  -0.91   1.92   1.23   2.00   1.23   2.00 
  2.00   2.00   2.00   2.00   2.00   2.00   2.00   2.00 
 -0.64  -2.42   1.23   0.31  -0.16  -0.16   0.13   1.92 
TRP ASP
  2.00  -0.29  -1.57  -0.89   0.61   1.21   1.40   2.00 
  2.00   2.00   2.00   2.00   2.00   2.00   2.00   2.00 
 -0.46  -2.00   0.01  -0.08   0.01  -0.08  -0.17   2.00 
TRP ASN
  2.00  -0.71  -1.43  -0.43   0.71   1.18   0.15   2.00 
  2.00   2.00   2.00   2.00   2.00   2.00   2.00   2.00 
 -0.35  -2.00  -0.16  -0.51   0.22  -0.26   0.22   2.00 
TRP LEU
  2.00  -1.22  -1.16   0.18   2.00   2.00   2.00   2.00 
  2.00   2.00   2.00   2.00   2.00   2.00   2.00   2.00 
 -1.00  -2.32  -0.18   0.14   0.75   0.55   0.92   2.00 
TRP LYS
  2.00  -1.28  -1.12  -0.52   1.40   1.62   2.00   2.00 
  2.00   2.00   2.00   2.00   2.00   2.00   2.00   2.00 
 -0.75  -2.05  -0.08   0.52  -0.17   0.12  -0.32   2.00 
TRP GLU
  2.00  -1.16  -1.10  -0.49   0.78   2.00   2.00   2.00 
  2.00   2.00   2.00   2.00   2.00   2.00   2.00   2.00 
 -0.63  -2.22   0.15  -0.16   0.34   0.15   0.21   2.00 
TRP GLN
  2.00  -1.14  -1.36   0.11   1.65   1.36   1.36   2.00 
  2.00   2.00   2.00   2.00   2.00   2.00   2.00   2.00 
 -0.58  -2.21   0.11   0.35  -0.08   0.26  -0.02   2.00 
TRP ARG
  2.00  -1.44  -1.40   0.25   2.00   2.00   2.00   2.00 
  2.00   2.00   2.00   2.00   2.00   2.00   2.00   2.00 
 -0.83  -1.99   0.09   0.65   0.25   0.43  -0.70   2.00 
TRP HIS
  2.00  -1.42  -1.48  -0.20   0.50   2.00   2.00   2.00 
  2.00   2.00   2.00   2.00   2.00   2.00   2.00   2.00 
 -0.29  -1.94   0.31   0.03  -0.20   0.50  -0.53   2.00 
TRP PHE
  2.00  -1.35  -1.27   0.42   1.80   2.00   2.00   2.00 
  2.00   2.00   2.00   2.00   2.00   2.00   2.00   2.00 
 -1.29  -2.02   0.42   0.01   0.19   0.55  -0.34   2.00 
TRP TYR
  2.00  -1.47  -1.27   0.22   1.03   1.73   2.00   2.00 
  2.00   2.00   2.00   2.00   2.00   2.00   2.00   2.00 
 -0.35  -1.96  -0.22  -0.14   0.22   0.22  -0.72   2.00 
TRP TRP
  2.00  -1.06  -0.73  -0.91   2.00   1.58   2.00   2.00 
  2.00   2.00   2.00   2.00   2.00   2.00   2.00   2.00 
 -0.91  -2.11  -0.22  -0.03  -0.22   0.88  -0.50   2.00 
