GLY GLY
  2.00  -1.36  -0.92  -0.79  -0.03   2.00  -1.12   1.87 
  2.00   2.00   2.00   2.00   2.00   2.00   2.00   2.00 
  1.87   1.02   1.58  -0.21  -0.84  -0.94  -1.44   2.00 
GLY ALA
  2.00  -2.22  -1.36  -0.95  -0.28   1.16  -0.07   2.00 
  2.00   2.00   2.00   2.00   2.00   2.00   2.00   2.00 
  2.00   1.38   1.67   0.46  -0.70   0.06  -0.45   2.00 
GLY SER
  2.00  -1.92  -1.62  -1.07  -0.46   1.23  -0.46   2.00 
  2.00   2.00   2.00   2.00   2.00   2.00   2.00   2.00 
  2.00   0.89   1.45   0.13  -0.60   0.54  -0.53   2.00 
GLY CYS
  2.00  -2.29  -1.67  -1.14   1.00   1.70   1.00   2.00 
  2.00   2.00   2.00   2.00   2.00   2.00   2.00   2.00 
  2.00   2.00   1.70   0.31  -0.38   0.09  -0.38   2.00 
GLY VAL
  2.00  -2.30  -1.84  -0.57   0.91   2.00   2.00   2.00 
  2.00   2.00   2.00   2.00   2.00   2.00   2.00   2.00 
  2.00   2.00   1.36   1.00  -1.05   0.26  -0.06   2.00 
GLY THR
  2.00  -2.09  -1.86  -0.96   0.98   1.96  -0.20   1.96 
  2.00   2.00   2.00   2.00   2.00   2.00   2.00   2.00 
  2.00   1.45   1.45   0.76  -0.79   0.50  -0.27   2.00 
GLY ILE
  2.00  -2.29  -2.04  -0.68   0.88   2.00   1.98   2.00 
  2.00   2.00   2.00   2.00   2.00   2.00   2.00   2.00 
  2.00   2.00   2.00   1.47  -0.71   0.31   0.37   2.00 
GLY PRO
  2.00   0.81  -1.65  -2.25  -1.42   0.30  -0.58   1.91 
  2.00   2.00   2.00   2.00   2.00   2.00   2.00   2.00 
  2.00   1.22   0.81   0.12   0.81   2.00   2.00   2.00 
GLY MET
  2.00  -2.31  -1.41  -0.52  -0.11   2.00   1.68   1.68 
  2.00   2.00   2.00   2.00   2.00   2.00   2.00   2.00 
  2.00   2.00   2.00  -0.40  -0.96  -0.11  -0.40   2.00 
GLY ASP
  2.00  -0.90  -1.45  -1.50  -0.71   0.90  -1.70   1.12 
  2.00   2.00   2.00   2.00   2.00   2.00   2.00   2.00 
  2.00   1.81   0.56  -0.27  -0.59   1.12   0.90   2.00 
GLY ASN
  2.00  -1.27  -1.76  -1.18  -0.08   0.54  -1.30   0.70 
  2.00   2.00   2.00   2.00   2.00   2.00   2.00   2.00 
  2.00   2.00   1.10  -0.15  -0.88  -0.15   0.88   2.00 
GLY LEU
  2.00  -2.13  -1.93  -0.86   1.26   1.96   1.67   2.00 
  2.00   2.00   2.00   2.00   2.00   2.00   2.00   2.00 
  2.00   1.96   1.44   0.28  -0.95  -0.08   0.16   2.00 
GLY LYS
  2.00  -1.49  -1.34  -1.26   0.18   0.94   0.18   2.00 
  2.00   2.00   2.00   2.00   2.00   2.00   2.00   2.00 
  2.00   1.78   2.00   0.24  -2.15   1.78   1.09   2.00 
GLY GLU
  2.00  -1.71  -1.65  -1.02  -0.16   2.00  -0.46   1.57 
  2.00   2.00   2.00   2.00   2.00   2.00   2.00   2.00 
  2.00   2.00   0.88   0.03  -1.70   1.57   1.06   2.00 
GLY GLN
  2.00  -1.88  -1.46  -1.06   0.41   2.00   0.26   2.00 
  2.00   2.00   2.00   2.00   2.00   2.00   2.00   2.00 
  2.00   1.51   2.00   0.12  -1.79   0.26   0.26   2.00 
GLY ARG
  2.00  -2.03  -1.53  -1.04   0.11   2.00   0.11   1.21 
  2.00   2.00   2.00   2.00   2.00   2.00   2.00   2.00 
  2.00   1.90   0.52   0.03  -1.34   1.21   0.03   2.00 
GLY HIS
  2.00  -2.15  -1.60  -0.98   1.66   1.66   0.27   2.00 
  2.00   2.00   2.00   2.00   2.00   2.00   2.00   2.00 
  2.00   1.66   1.66  -0.54  -1.23   1.66   0.05   2.00 
GLY PHE
  2.00  -2.44  -1.77   0.01   1.11   2.00   2.00   2.00 
  2.00   2.00   2.00   2.00   2.00   2.00   2.00   2.00 
  2.00   2.00   1.62   0.23  -0.33   0.32  -0.68   2.00 
GLY TYR
  2.00  -2.35  -1.78  -0.37   0.33   2.00   2.00   2.00 
  2.00   2.00   2.00   2.00   2.00   2.00   2.00   2.00 
  2.00   2.00   1.94   0.55  -0.70   0.43  -0.67   2.00 
GLY TRP
  2.00  -2.41  -1.88  -0.14  -0.43   1.65   2.00   2.00 
  2.00   2.00   2.00   2.00   2.00   2.00   2.00   2.00 
  2.00   2.00   0.96   0.26  -0.14   1.65   0.26   1.65 
ALA GLY
  2.00  -1.22  -1.23  -1.09  -0.48   1.86  -0.30   2.00 
  2.00   2.00   2.00   2.00   2.00   2.00   2.00   2.00 
  2.00   0.65   1.17   0.18  -0.26  -0.89  -1.72   2.00 
ALA ALA
  2.00  -2.20  -1.71  -0.87   0.27   2.00   2.00   2.00 
  2.00   2.00   2.00   2.00   2.00   2.00   2.00   2.00 
  2.00   2.00   2.00   0.90   0.27  -0.06  -1.34   2.00 
ALA SER
  2.00  -2.07  -1.69  -0.28   0.77   1.61   0.92   2.00 
  2.00   2.00   2.00   2.00   2.00   2.00   2.00   2.00 
  2.00   1.10   0.92   0.52   0.52  -0.42  -1.56   2.00 
ALA CYS
  2.00  -2.27  -2.02  -0.09   2.00   1.70   2.00   2.00 
  2.00   2.00   2.00   2.00   2.00   2.00   2.00   2.00 
  1.00   2.00   1.70   0.60   0.60  -0.25  -0.94   2.00 
ALA VAL
  2.00  -2.37  -2.13   0.33   2.00   2.00   2.00   2.00 
  2.00   2.00   2.00   2.00   2.00   2.00   2.00   2.00 
  2.00   2.00   2.00   1.94   1.24  -0.14  -0.86   2.00 
ALA THR
  2.00  -2.36  -1.85  -0.13   1.90   2.00   2.00   2.00 
  2.00   2.00   2.00   2.00   2.00   2.00   2.00   2.00 
  2.00   1.39   1.90   0.92   1.06  -0.37  -1.11   2.00 
ALA ILE
  2.00  -2.39  -2.21   0.59   2.00   2.00   2.00   2.00 
  2.00   2.00   2.00   2.00   2.00   2.00   2.00   2.00 
  2.00   2.00   1.62   2.00   1.84  -0.03  -0.60   2.00 
ALA PRO
  2.00   0.29  -2.55  -1.93  -0.00   2.00   2.00   2.00 
  2.00   2.00   2.00   2.00   2.00   2.00   2.00   2.00 
  2.00   1.39   2.00   2.00   0.29  -0.12   0.98   2.00 
ALA MET
  2.00  -2.30  -2.07  -0.09   2.00   2.00   2.00   2.00 
  2.00   2.00   2.00   2.00   2.00   2.00   2.00   2.00 
  2.00   2.00   0.47   0.76   2.00   0.25  -1.14   2.00 
ALA ASP
  2.00  -1.32  -2.14  -1.13  -0.18   0.74   1.14   2.00 
  2.00   2.00   2.00   2.00   2.00   2.00   2.00   2.00 
  2.00   0.04   0.33   0.45   1.84  -0.42  -0.90   2.00 
ALA ASN
  2.00  -1.68  -2.13  -1.12   0.52   0.52   0.23   2.00 
  2.00   2.00   2.00   2.00   2.00   2.00   2.00   2.00 
  2.00   0.36   0.36  -0.09   0.52   0.36  -0.33   2.00 
ALA LEU
  2.00  -2.25  -2.26  -0.48   2.00   2.00   2.00   2.00 
  2.00   2.00   2.00   2.00   2.00   2.00   2.00   2.00 
  2.00   1.80   1.80   1.80   2.00   0.05  -0.53   2.00 
ALA LYS
  2.00  -2.11  -2.16  -0.80   0.26   2.00   1.76   2.00 
  2.00   2.00   2.00   2.00   2.00   2.00   2.00   2.00 
  2.00   1.07   1.76   1.76   1.07   1.07  -0.91   2.00 
ALA GLU
  2.00  -2.09  -1.94  -1.01   0.09   2.00   1.48   2.00 
  2.00   2.00   2.00   2.00   2.00   2.00   2.00   2.00 
  2.00   1.48   1.48   0.79   1.88  -0.06  -1.09   2.00 
ALA GLN
  2.00  -2.23  -1.83  -0.75   0.79   1.19   2.00   2.00 
  2.00   2.00   2.00   2.00   2.00   2.00   2.00   2.00 
  2.00   1.88   2.00   0.79   1.19  -0.42  -1.16   2.00 
ALA ARG
  2.00  -2.16  -2.04  -0.76   0.76   2.00   2.00   2.00 
  2.00   2.00   2.00   2.00   2.00   2.00   2.00   2.00 
  2.00   0.98   1.68   0.58   1.27   0.17  -1.00   2.00 
ALA HIS
  2.00  -2.09  -2.05  -0.95   1.13   2.00   1.13   2.00 
  2.00   2.00   2.00   2.00   2.00   2.00   2.00   2.00 
  2.00   1.13   1.13   1.83   1.83   0.03  -1.12   2.00 
ALA PHE
  2.00  -2.42  -1.90   0.61   2.00   2.00   2.00   2.00 
  2.00   2.00   2.00   2.00   2.00   2.00   2.00   2.00 
  2.00   1.31   2.00   1.08   1.60   0.50  -1.29   2.00 
ALA TYR
  2.00  -2.30  -1.72  -0.43   0.57   1.82   1.82   2.00 
  2.00   2.00   2.00   2.00   2.00   2.00   2.00   2.00 
  2.00   1.41   1.82   0.03   1.41   0.32  -1.29   2.00 
ALA TRP
  2.00  -2.17  -1.97  -0.33   0.92   1.62   2.00   2.00 
  2.00   2.00   2.00   2.00   2.00   2.00   2.00   2.00 
  1.62   2.00   2.00   0.52   1.62   0.92  -1.56   2.00 
SER GLY
  2.00  -1.11  -0.52  -0.79  -0.30  -0.12  -0.30   1.78 
  2.00   2.00   2.00   2.00   2.00   2.00   2.00   2.00 
  1.78   1.08   0.48  -0.46  -0.21  -0.97  -1.87   2.00 
SER ALA
  2.00  -2.18  -1.56  -1.11   0.03   0.94   2.00   2.00 
  2.00   2.00   2.00   2.00   2.00   2.00   2.00   2.00 
  1.64   2.00   2.00   0.94   0.54  -0.21  -1.16   2.00 
SER SER
  2.00  -2.01  -1.71  -1.09  -0.01   1.86   1.86   2.00 
  2.00   2.00   2.00   2.00   2.00   2.00   2.00   2.00 
  1.86   1.17   1.17  -0.09   0.47   0.35  -1.25   2.00 
SER CYS
  2.00  -2.14  -2.04  -0.79   1.16   1.85   2.00   2.00 
  2.00   2.00   2.00   2.00   2.00   2.00   2.00   2.00 
  2.00   1.16   2.00   1.16   1.85  -0.23  -1.14   2.00 
SER VAL
  2.00  -2.50  -1.91  -0.36   1.40   2.00   2.00   2.00 
  2.00   2.00   2.00   2.00   2.00   2.00   2.00   2.00 
  2.00   2.00   2.00   1.74   1.27  -0.15  -0.54   2.00 
SER THR
  2.00  -2.21  -1.75  -1.15   0.71   2.00   2.00   2.00 
  2.00   2.00   2.00   2.00   2.00   2.00   2.00   2.00 
  2.00   1.27   2.00   0.46   0.17  -0.12  -0.87   2.00 
SER ILE
  2.00  -2.37  -2.06  -0.26   1.13   2.00   2.00   2.00 
  2.00   2.00   2.00   2.00   2.00   2.00   2.00   2.00 
  2.00   2.00   2.00   1.46   0.87  -0.22  -0.59   2.00 
SER PRO
  2.00   0.20  -2.12  -2.38   0.02   2.00   2.00   2.00 
  2.00   2.00   2.00   2.00   2.00   2.00   2.00   2.00 
  1.81   0.43   0.71   1.81   0.02   0.43   2.00   2.00 
SER MET
  2.00  -2.06  -1.77  -1.16   0.63   2.00   1.73   2.00 
  2.00   2.00   2.00   2.00   2.00   2.00   2.00   2.00 
  0.12   0.63   2.00   1.73   1.03  -0.35  -1.11   2.00 
SER ASP
  2.00  -1.38  -1.71  -1.71  -0.49   1.05   0.54   2.00 
  2.00   2.00   2.00   2.00   2.00   2.00   2.00   2.00 
  2.00   1.45  -0.16  -0.42  -0.05   0.35  -0.56   2.00 
SER ASN
  2.00  -1.40  -1.70  -1.01   0.18  -0.27  -0.07   2.00 
  2.00   2.00   2.00   2.00   2.00   2.00   2.00   2.00 
  2.00   0.33  -0.18  -0.58  -0.27  -0.44  -0.51   2.00 
SER LEU
  2.00  -2.18  -2.08  -0.98   1.16   2.00   2.00   2.00 
  2.00   2.00   2.00   2.00   2.00   2.00   2.00   2.00 
  2.00   2.00   2.00   1.16   1.05  -0.22  -0.71   2.00 
SER LYS
  2.00  -1.95  -1.86  -1.24  -0.10   1.40   2.00   2.00 
  2.00   2.00   2.00   2.00   2.00   2.00   2.00   2.00 
  1.40   1.40   1.40  -0.21   0.02   0.15  -0.68   2.00 
SER GLU
  2.00  -1.87  -1.83  -1.36  -0.60   0.72   2.00   2.00 
  2.00   2.00   2.00   2.00   2.00   2.00   2.00   2.00 
  2.00   0.50   1.01  -0.20   0.50   1.01  -0.60   2.00 
SER GLN
  2.00  -2.01  -1.64  -1.24   0.15   0.84   1.25   2.00 
  2.00   2.00   2.00   2.00   2.00   2.00   2.00   2.00 
  0.84   0.84   2.00  -0.14  -0.01   0.33  -0.95   2.00 
SER ARG
  2.00  -1.72  -1.96  -1.29  -0.11   1.97   2.00   2.00 
  2.00   2.00   2.00   2.00   2.00   2.00   2.00   2.00 
  2.00   0.36   0.02  -0.33   0.36   0.18  -0.60   2.00 
SER HIS
  2.00  -2.19  -1.61  -0.96  -0.42   1.52   0.83   2.00 
  2.00   2.00   2.00   2.00   2.00   2.00   2.00   2.00 
  2.00   0.83   1.52   0.42   0.42   2.00  -1.19   2.00 
SER PHE
  2.00  -2.47  -1.56   0.26   1.35   2.00   2.00   2.00 
  2.00   2.00   2.00   2.00   2.00   2.00   2.00   2.00 
  2.00   2.00   1.64   1.35   1.64   0.26  -1.59   2.00 
SER TYR
  2.00  -2.46  -1.49  -0.35   1.85   2.00   2.00   2.00 
  2.00   2.00   2.00   2.00   2.00   2.00   2.00   2.00 
  1.44   1.85   2.00   0.75   1.44   0.46  -1.50   2.00 
SER TRP
  2.00  -2.22  -1.64  -0.10   1.69   2.00   2.00   2.00 
  2.00   2.00   2.00   2.00   2.00   2.00   2.00   2.00 
  1.69   2.00   2.00  -0.71   1.69   0.59  -1.64   1.69 
CYS GLY
  2.00  -1.63  -1.34  -0.65   1.15   0.74   1.15   1.84 
  2.00   2.00   2.00   2.00   2.00   2.00   2.00   2.00 
  2.00   2.00   2.00   0.23  -0.65  -1.21  -1.77   2.00 
CYS ALA
  2.00  -1.94  -2.01  -0.42   1.08   1.78   2.00   2.00 
  2.00   2.00   2.00   2.00   2.00   2.00   2.00   2.00 
  2.00   2.00   1.78   0.68   1.08  -0.71  -1.52   2.00 
CYS SER
  2.00  -2.04  -2.12  -0.61   1.10   2.00   2.00   2.00 
  2.00   2.00   2.00   2.00   2.00   2.00   2.00   2.00 
  2.00   2.00   1.10   1.79   1.10  -0.85  -0.98   2.00 
CYS CYS
  2.00  -2.12  -1.93   0.77   2.00   2.00   0.77   2.00 
  2.00   2.00   2.00   2.00   2.00   2.00   2.00   2.00 
  2.00   2.00   2.00   0.08   2.00  -0.61  -1.62   2.00 
CYS VAL
  2.00  -2.36  -1.83   0.19   1.45   2.00   2.00   2.00 
  2.00   2.00   2.00   2.00   2.00   2.00   2.00   2.00 
  2.00   2.00   2.00   2.00   1.04  -1.04  -1.04   2.00 
CYS THR
  2.00  -2.11  -1.97  -0.80   2.00   2.00   2.00   2.00 
  2.00   2.00   2.00   2.00   2.00   2.00   2.00   2.00 
  2.00   2.00   1.84   2.00   0.74  -0.46  -1.42   2.00 
CYS ILE
  2.00  -2.26  -2.22   0.30   2.00   2.00   2.00   2.00 
  2.00   2.00   2.00   2.00   2.00   2.00   2.00   2.00 
  2.00   2.00   2.00   1.91   1.22  -0.73  -0.66   2.00 
CYS PRO
  2.00  -0.23  -2.85  -1.08   0.17   2.00   2.00   0.86 
  2.00   2.00   2.00   2.00   2.00   2.00   2.00   2.00 
  2.00   2.00   0.86   2.00   2.00   0.17   2.00   2.00 
CYS MET
  2.00  -2.01  -2.01  -0.69   2.00   2.00   2.00   2.00 
  2.00   2.00   2.00   2.00   2.00   2.00   2.00   2.00 
  2.00   2.00   0.69   0.69   2.00  -0.69  -1.39   2.00 
CYS ASP
  2.00  -1.62  -2.39  -1.33   0.28   1.38   0.68   2.00 
  2.00   2.00   2.00   2.00   2.00   2.00   2.00   2.00 
  2.00   1.38   2.00   1.38   1.38   1.38  -0.57   2.00 
CYS ASN
  2.00  -1.61  -2.19  -1.29   0.18   0.58   1.28   2.00 
  2.00   2.00   2.00   2.00   2.00   2.00   2.00   2.00 
  2.00   1.28   1.28   2.00  -0.33   0.58  -0.80   2.00 
CYS LEU
  2.00  -2.13  -2.26  -0.84   2.00   2.00   2.00   2.00 
  2.00   2.00   2.00   2.00   2.00   2.00   2.00   2.00 
  1.01   2.00   2.00   2.00   1.41  -0.38  -0.38   2.00 
CYS LYS
  2.00  -1.91  -2.35  -0.34   0.76   2.00   2.00   2.00 
  2.00   2.00   2.00   2.00   2.00   2.00   2.00   2.00 
  2.00   2.00   2.00   1.46  -0.34  -0.15  -0.74   2.00 
CYS GLU
  2.00  -1.91  -2.09  -1.12   0.96   0.26   1.65   2.00 
  2.00   2.00   2.00   2.00   2.00   2.00   2.00   2.00 
  2.00   2.00   0.96   1.65   0.55   0.26  -1.06   2.00 
CYS GLN
  2.00  -1.97  -2.26  -1.13   2.00   2.00   2.00   2.00 
  2.00   2.00   2.00   2.00   2.00   2.00   2.00   2.00 
  2.00   2.00   2.00   1.07   2.00  -0.32  -0.88   2.00 
CYS ARG
  2.00  -2.14  -2.14  -1.01   1.63   2.00   1.63   2.00 
  2.00   2.00   2.00   2.00   2.00   2.00   2.00   2.00 
  2.00   2.00   2.00   1.63   2.00  -0.45  -0.77   2.00 
CYS HIS
  2.00  -1.86  -2.34  -0.69   2.00   0.92   2.00   2.00 
  2.00   2.00   2.00   2.00   2.00   2.00   2.00   2.00 
  2.00   2.00   2.00   0.22   2.00   0.22  -1.16   2.00 
CYS PHE
  2.00  -2.01  -1.93  -0.88   1.60   1.60   2.00   2.00 
  2.00   2.00   2.00   2.00   2.00   2.00   2.00   2.00 
  2.00   2.00   0.91   2.00   0.91   0.50  -1.69   2.00 
CYS TYR
  2.00  -2.33  -2.20   1.41   2.00   2.00   2.00   2.00 
  2.00   2.00   2.00   2.00   2.00   2.00   2.00   2.00 
  2.00   2.00   2.00   2.00   1.41   0.02  -1.16   2.00 
CYS TRP
  2.00  -1.88  -1.70  -0.09  -0.09   2.00   2.00   2.00 
  2.00   2.00   2.00   2.00   2.00   2.00   2.00   2.00 
  2.00   2.00   2.00   2.00   2.00  -0.78  -2.03   2.00 
VAL GLY
  2.00  -1.44  -1.55  -0.67  -0.28   0.11   0.84   2.00 
  2.00   2.00   2.00   2.00   2.00   2.00   2.00   2.00 
  2.00   1.15   1.47  -0.32   0.37  -0.84  -1.70   2.00 
VAL ALA
  2.00  -2.05  -2.01  -0.20   1.01   1.45   2.00   2.00 
  2.00   2.00   2.00   2.00   2.00   2.00   2.00   2.00 
  2.00   2.00   1.45   0.21   1.01  -0.47  -1.31   2.00 
VAL SER
  2.00  -1.94  -2.02  -0.02   0.65   1.53   2.00   2.00 
  2.00   2.00   2.00   2.00   2.00   2.00   2.00   2.00 
  2.00   2.00   2.00   0.71   1.18  -0.55  -1.60   2.00 
VAL CYS
  2.00  -1.73  -2.52  -0.41   1.20   2.00   2.00   2.00 
  2.00   2.00   2.00   2.00   2.00   2.00   2.00   2.00 
  2.00   2.00   2.00   2.00   2.00  -0.48  -0.84   2.00 
VAL VAL
  2.00  -2.13  -2.35   0.75   2.00   2.00   2.00   2.00 
  2.00   2.00   2.00   2.00   2.00   2.00   2.00   2.00 
  2.00   2.00   2.00   2.00   2.00  -0.68  -0.85   2.00 
VAL THR
  2.00  -2.20  -2.07   0.42   2.00   2.00   2.00   2.00 
  2.00   2.00   2.00   2.00   2.00   2.00   2.00   2.00 
  2.00   2.00   2.00   2.00   1.84  -0.62  -1.39   2.00 
VAL ILE
  2.00  -2.08  -2.50   1.43   2.00   2.00   2.00   2.00 
  2.00   2.00   2.00   2.00   2.00   2.00   2.00   2.00 
  2.00   2.00   2.00   2.00   2.00  -0.50  -0.45   2.00 
VAL PRO
  2.00   0.15  -2.91  -1.42   2.00   2.00   2.00   2.00 
  2.00   2.00   2.00   2.00   2.00   2.00   2.00   2.00 
  2.00   1.40   1.69   2.00   2.00   2.00   2.00   2.00 
VAL MET
  2.00  -2.11  -2.27   0.01   1.81   2.00   2.00   2.00 
  2.00   2.00   2.00   2.00   2.00   2.00   2.00   2.00 
  2.00   2.00   1.81   2.00   2.00  -0.27  -1.21   2.00 
VAL ASP
  2.00  -1.39  -2.46  -0.32   0.53   0.37   0.15   2.00 
  2.00   2.00   2.00   2.00   2.00   2.00   2.00   2.00 
  2.00   2.00   2.00   0.97   1.17  -0.50  -0.78   2.00 
VAL ASN
  2.00  -1.67  -2.29  -0.33   1.43   0.21  -0.57   2.00 
  2.00   2.00   2.00   2.00   2.00   2.00   2.00   2.00 
  2.00   1.94   1.43   0.74   1.43  -0.57  -0.49   2.00 
VAL LEU
  2.00  -1.98  -2.53   0.55   2.00   2.00   2.00   2.00 
  2.00   2.00   2.00   2.00   2.00   2.00   2.00   2.00 
  2.00   2.00   2.00   1.84   1.84  -0.55  -0.37   2.00 
VAL LYS
  2.00  -1.96  -2.32  -0.20   1.62   2.00   2.00   2.00 
  2.00   2.00   2.00   2.00   2.00   2.00   2.00   2.00 
  2.00   2.00   2.00   0.64   1.21  -0.58  -0.88   2.00 
VAL GLU
  2.00  -2.02  -2.23  -0.09   1.49   2.00   1.64   2.00 
  2.00   2.00   2.00   2.00   2.00   2.00   2.00   2.00 
  2.00   2.00   2.00   1.04   1.49  -0.64  -1.05   2.00 
VAL GLN
  2.00  -1.88  -2.34   0.43   0.88   2.00   1.72   2.00 
  2.00   2.00   2.00   2.00   2.00   2.00   2.00   2.00 
  2.00   2.00   1.72   0.63   2.00  -0.64  -1.13   2.00 
VAL ARG
  2.00  -2.04  -2.23   0.13   1.83   1.61   1.83   2.00 
  2.00   2.00   2.00   2.00   2.00   2.00   2.00   2.00 
  2.00   2.00   2.00   1.14   2.00  -0.49  -1.25   2.00 
VAL HIS
  2.00  -1.91  -2.32  -0.09   1.45   2.00   1.85   2.00 
  2.00   2.00   2.00   2.00   2.00   2.00   2.00   2.00 
  2.00   2.00   1.45   0.75   2.00  -0.71  -0.98   2.00 
VAL PHE
  2.00  -2.25  -2.21   1.47   1.47   2.00   2.00   2.00 
  2.00   2.00   2.00   2.00   2.00   2.00   2.00   2.00 
  2.00   2.00   1.88   2.00   2.00  -0.14  -1.18   2.00 
VAL TYR
  2.00  -2.24  -2.13   0.81   2.00   2.00   2.00   2.00 
  2.00   2.00   2.00   2.00   2.00   2.00   2.00   2.00 
  2.00   2.00   2.00   1.32   1.32  -0.15  -1.30   2.00 
VAL TRP
  2.00  -2.13  -2.17   0.04   1.54   2.00   2.00   2.00 
  2.00   2.00   2.00   2.00   2.00   2.00   2.00   2.00 
  2.00   2.00   2.00   0.63   2.00  -0.33  -1.26   2.00 
THR GLY
  2.00  -1.48  -0.98  -1.08  -0.45   0.97   1.30   2.00 
  2.00   2.00   2.00   2.00   2.00   2.00   2.00   2.00 
  2.00   0.83   0.43  -0.18   0.21  -1.16  -1.70   2.00 
THR ALA
  2.00  -2.13  -1.91  -0.84   0.23   2.00   2.00   2.00 
  2.00   2.00   2.00   2.00   2.00   2.00   2.00   2.00 
  2.00   2.00   1.40   0.44   1.40   0.17  -1.31   2.00 
THR SER
  2.00  -2.18  -1.67  -0.46   0.07   2.00   2.00   2.00 
  2.00   2.00   2.00   2.00   2.00   2.00   2.00   2.00 
  2.00   1.10   0.77  -0.28   0.41   0.63  -1.36   2.00 
THR CYS
  2.00  -2.27  -2.23  -0.20   2.00   2.00   2.00   2.00 
  2.00   2.00   2.00   2.00   2.00   2.00   2.00   2.00 
  2.00   2.00   2.00   1.99   1.30   0.20  -0.95   2.00 
THR VAL
  2.00  -2.25  -2.26  -0.11   1.66   2.00   2.00   2.00 
  2.00   2.00   2.00   2.00   2.00   2.00   2.00   2.00 
  2.00   2.00   2.00   1.95   1.79  -0.07  -0.78   2.00 
THR THR
  2.00  -2.25  -1.92  -0.62   0.88   2.00   2.00   2.00 
  2.00   2.00   2.00   2.00   2.00   2.00   2.00   2.00 
  2.00   2.00   1.17   0.19   1.57   0.56  -1.25   2.00 
THR ILE
  2.00  -2.24  -2.40   0.57   2.00   2.00   2.00   2.00 
  2.00   2.00   2.00   2.00   2.00   2.00   2.00   2.00 
  2.00   2.00   2.00   2.00   2.00  -0.10  -0.51   2.00 
THR PRO
  2.00   0.02  -2.43  -1.89  -0.99   2.00   2.00   2.00 
  2.00   2.00   2.00   2.00   2.00   2.00   2.00   2.00 
  2.00   1.00   0.49   1.00   0.71   1.41   2.00   2.00 
THR MET
  2.00  -2.03  -2.28  -0.30   1.08   2.00   2.00   2.00 
  2.00   2.00   2.00   2.00   2.00   2.00   2.00   2.00 
  2.00   1.78   1.78   1.78   1.08   0.68  -1.27   2.00 
THR ASP
  2.00  -1.35  -2.13  -1.35  -0.29   1.09   1.09   2.00 
  2.00   2.00   2.00   2.00   2.00   2.00   2.00   2.00 
  2.00   1.09   0.08  -0.41   0.40   0.28  -0.52   2.00 
THR ASN
  2.00  -1.40  -2.06  -1.11   0.16   0.28   0.06   2.00 
  2.00   2.00   2.00   2.00   2.00   2.00   2.00   2.00 
  1.67   0.97   0.16  -0.94   1.67   0.28  -0.47   2.00 
THR LEU
  2.00  -2.13  -2.39  -0.17   1.51   2.00   2.00   2.00 
  2.00   2.00   2.00   2.00   2.00   2.00   2.00   2.00 
  2.00   2.00   2.00   1.80   1.80  -0.10  -0.49   2.00 
THR LYS
  2.00  -1.63  -2.10  -1.40  -0.36   1.72   2.00   2.00 
  2.00   2.00   2.00   2.00   2.00   2.00   2.00   2.00 
  2.00   1.72   0.80   0.01   0.80   0.01  -0.68   2.00 
THR GLU
  2.00  -1.90  -2.06  -1.15  -0.28   1.80   2.00   2.00 
  2.00   2.00   2.00   2.00   2.00   2.00   2.00   2.00 
  2.00   1.80   0.41   0.01   0.55   0.55  -0.60   2.00 
THR GLN
  2.00  -2.02  -2.06  -0.94   0.06   2.00   2.00   2.00 
  2.00   2.00   2.00   2.00   2.00   2.00   2.00   2.00 
  2.00   0.62   2.00  -0.19   0.62   0.21  -0.64   2.00 
THR ARG
  2.00  -1.94  -1.92  -0.73  -0.12   1.06   2.00   2.00 
  2.00   2.00   2.00   2.00   2.00   2.00   2.00   2.00 
  2.00   1.76   1.35  -0.12   1.06  -0.19  -1.26   2.00 
THR HIS
  2.00  -1.91  -1.91  -0.65   0.73   2.00   2.00   2.00 
  2.00   2.00   2.00   2.00   2.00   2.00   2.00   2.00 
  2.00   2.00   0.22  -0.47  -0.36   0.04  -1.21   2.00 
THR PHE
  2.00  -2.32  -1.97  -0.13   1.53   2.00   2.00   2.00 
  2.00   2.00   2.00   2.00   2.00   2.00   2.00   2.00 
  2.00   2.00   1.53   1.81   2.00   0.72  -1.47   2.00 
THR TYR
  2.00  -2.38  -1.91   0.31   1.32   2.00   2.00   2.00 
  2.00   2.00   2.00   2.00   2.00   2.00   2.00   2.00 
  2.00   1.61   2.00   1.32   1.61  -0.23  -1.18   2.00 
THR TRP
  2.00  -2.38  -2.04  -0.13   0.71   2.00   2.00   2.00 
  2.00   2.00   2.00   2.00   2.00   2.00   2.00   2.00 
  2.00   2.00   2.00   1.81   2.00   0.71  -1.18   2.00 
ILE GLY
  2.00  -1.64  -1.52  -0.73  -0.29   0.33   1.18   2.00 
  2.00   2.00   2.00   2.00   2.00   2.00   2.00   2.00 
  2.00   1.18   0.81  -0.12  -0.41  -0.73  -1.46   2.00 
ILE ALA
  2.00  -1.86  -2.27   0.10   1.20   2.00   1.61   2.00 
  2.00   2.00   2.00   2.00   2.00   2.00   2.00   2.00 
  2.00   2.00   2.00   0.63   1.79  -0.81  -1.19   2.00 
ILE SER
  2.00  -2.02  -2.12   0.28   0.92   1.61   1.61   2.00 
  2.00   2.00   2.00   2.00   2.00   2.00   2.00   2.00 
  2.00   2.00   2.00   1.28   2.00  -0.39  -1.51   2.00 
ILE CYS
  2.00  -1.70  -2.38  -0.65   2.00   1.37   2.00   2.00 
  2.00   2.00   2.00   2.00   2.00   2.00   2.00   2.00 
  2.00   2.00   2.00   0.96   2.00  -0.94  -0.83   2.00 
ILE VAL
  2.00  -2.05  -2.49   0.93   2.00   2.00   2.00   2.00 
  2.00   2.00   2.00   2.00   2.00   2.00   2.00   2.00 
  2.00   2.00   2.00   1.85   2.00  -0.55  -0.52   2.00 
ILE THR
  2.00  -2.19  -2.17   0.81   1.66   2.00   2.00   2.00 
  2.00   2.00   2.00   2.00   2.00   2.00   2.00   2.00 
  2.00   2.00   2.00   2.00   1.66  -0.56  -1.24   2.00 
ILE ILE
  2.00  -2.04  -2.46   0.88   2.00   2.00   2.00   2.00 
  2.00   2.00   2.00   2.00   2.00   2.00   2.00   2.00 
  2.00   2.00   2.00   1.83   2.00  -0.65  -0.58   2.00 
ILE PRO
  2.00   0.15  -2.92  -1.29   2.00   2.00   2.00   2.00 
  2.00   2.00   2.00   2.00   2.00   2.00   2.00   2.00 
  1.76   2.00   1.76   2.00   2.00   0.84   2.00   2.00 
ILE MET
  2.00  -2.12  -2.27   0.21   2.00   2.00   2.00   2.00 
  2.00   2.00   2.00   2.00   2.00   2.00   2.00   2.00 
  2.00   2.00   2.00   2.00   2.00  -0.39  -1.22   2.00 
ILE ASP
  2.00  -1.26  -2.54  -0.43   0.62   0.39   0.06   2.00 
  2.00   2.00   2.00   2.00   2.00   2.00   2.00   2.00 
  2.00   2.00   2.00   0.80   1.02  -0.48  -0.37   2.00 
ILE ASN
  2.00  -1.60  -2.37   0.05   0.58   0.32  -0.37   2.00 
  2.00   2.00   2.00   2.00   2.00   2.00   2.00   2.00 
  2.00   1.79   0.94   0.94   1.50  -0.52  -0.55   2.00 
ILE LEU
  2.00  -1.89  -2.58   0.30   2.00   2.00   2.00   2.00 
  2.00   2.00   2.00   2.00   2.00   2.00   2.00   2.00 
  2.00   2.00   1.91   1.44   2.00  -0.29  -0.35   2.00 
ILE LYS
  2.00  -1.83  -2.33  -0.31   0.97   1.67   2.00   2.00 
  2.00   2.00   2.00   2.00   2.00   2.00   2.00   2.00 
  2.00   2.00   2.00   1.11   1.95  -0.75  -1.04   2.00 
ILE GLU
  2.00  -1.97  -2.29  -0.22   0.69   2.00   2.00   2.00 
  2.00   2.00   2.00   2.00   2.00   2.00   2.00   2.00 
  2.00   2.00   2.00   1.57   1.57  -0.54  -1.04   2.00 
ILE GLN
  2.00  -2.04  -2.26   0.18   1.88   2.00   1.88   2.00 
  2.00   2.00   2.00   2.00   2.00   2.00   2.00   2.00 
  2.00   2.00   2.00   0.97   2.00  -0.51  -1.21   2.00 
ILE ARG
  2.00  -2.06  -2.22   0.04   1.49   2.00   2.00   2.00 
  2.00   2.00   2.00   2.00   2.00   2.00   2.00   2.00 
  2.00   2.00   2.00   1.08   2.00  -0.65  -1.17   2.00 
ILE HIS
  2.00  -1.81  -2.47   0.78   2.00   2.00   2.00   2.00 
  2.00   2.00   2.00   2.00   2.00   2.00   2.00   2.00 
  2.00   2.00   2.00   0.60   2.00  -0.55  -1.10   2.00 
ILE PHE
  2.00  -2.03  -2.38   0.30   2.00   2.00   2.00   2.00 
  2.00   2.00   2.00   2.00   2.00   2.00   2.00   2.00 
  2.00   2.00   1.77   1.77   1.77  -0.31  -0.99   2.00 
ILE TYR
  2.00  -2.11  -2.26   0.64   1.56   2.00   2.00   2.00 
  2.00   2.00   2.00   2.00   2.00   2.00   2.00   2.00 
  2.00   2.00   1.56   1.00   2.00  -0.19  -1.25   2.00 
ILE TRP
  2.00  -2.00  -2.48   1.02   1.71   2.00   2.00   2.00 
  2.00   2.00   2.00   2.00   2.00   2.00   2.00   2.00 
  2.00   2.00   1.02   1.02   2.00   0.33  -1.00   2.00 
PRO GLY
  2.00  -0.67  -1.45  -1.02   0.71   2.00  -0.27   1.12 
  2.00   2.00   2.00   2.00   2.00   2.00   2.00   2.00 
  0.71  -1.13   1.12  -0.38  -0.27  -1.23  -1.02   2.00 
PRO ALA
  2.00  -1.15  -1.67  -2.04  -0.01   1.38   2.00   0.97 
  2.00   2.00   2.00   2.00   2.00   2.00   2.00   2.00 
  2.00   0.12   1.38   0.97   0.28  -0.76  -0.42   2.00 
PRO SER
  2.00  -1.28  -1.70  -1.77  -0.13   1.67   1.67   2.00 
  2.00   2.00   2.00   2.00   2.00   2.00   2.00   2.00 
  1.67  -0.28   0.57   0.28   0.57  -1.04  -0.28   2.00 
PRO CYS
  2.00  -1.23  -1.82  -1.41   2.00   2.00   2.00   2.00 
  2.00   2.00   2.00   2.00   2.00   2.00   2.00   2.00 
  2.00   2.00   0.38   2.00   0.38  -1.23  -1.70   2.00 
PRO VAL
  2.00  -1.56  -2.24  -1.09   1.21   2.00   2.00   2.00 
  2.00   2.00   2.00   2.00   2.00   2.00   2.00   2.00 
  2.00   1.50   0.81   1.50   0.30  -0.93  -0.90   2.00 
PRO THR
  2.00  -1.23  -2.07  -1.60   0.38   2.00   2.00   2.00 
  2.00   2.00   2.00   2.00   2.00   2.00   2.00   2.00 
  0.66  -0.18   0.38   0.66   1.07  -0.80  -0.43   2.00 
PRO ILE
  2.00  -1.57  -2.20  -1.18   1.34   2.00   2.00   2.00 
  2.00   2.00   2.00   2.00   2.00   2.00   2.00   2.00 
  2.00   0.94   0.65   2.00   0.94  -0.91  -0.91   2.00 
PRO PRO
  2.00   0.04  -1.75  -2.16  -1.75   2.00   2.00   2.00 
  2.00   2.00   2.00   2.00   2.00   2.00   2.00   2.00 
  0.04   0.04   2.00   0.04   2.00   2.00   2.00   2.00 
PRO MET
  2.00  -1.81  -2.25  -1.34   2.00   2.00   0.97   2.00 
  2.00   2.00   2.00   2.00   2.00   2.00   2.00   2.00 
  2.00   0.27   2.00   0.97   2.00   0.97  -0.98   2.00 
PRO ASP
  2.00   0.08  -1.12  -1.96  -0.61   1.18   2.00   2.00 
  2.00   2.00   2.00   2.00   2.00   2.00   2.00   2.00 
 -0.43  -1.39   0.49   0.49  -0.21  -0.43  -0.21   2.00 
PRO ASN
  2.00  -0.10  -1.89  -1.95   0.30   2.00   0.30   2.00 
  2.00   2.00   2.00   2.00   2.00   2.00   2.00   2.00 
 -0.39  -0.95  -0.61   0.30   1.00   1.00   1.00   2.00 
PRO LEU
  2.00  -1.07  -2.27  -1.75   1.01   2.00   2.00   2.00 
  2.00   2.00   2.00   2.00   2.00   2.00   2.00   2.00 
  2.00   0.79   1.30   1.70   0.45  -0.97  -0.00   2.00 
PRO LYS
  2.00  -1.27  -1.88  -2.20   0.61   2.00   2.00   1.30 
  2.00   2.00   2.00   2.00   2.00   2.00   2.00   2.00 
  2.00   0.61   0.61   1.30   1.30  -0.49   0.20   2.00 
PRO GLU
  2.00  -0.80  -1.50  -2.12  -0.11   2.00   2.00   2.00 
  2.00   2.00   2.00   2.00   2.00   2.00   2.00   2.00 
  0.18  -0.67  -0.80   1.28   1.28  -0.33   0.18   2.00 
PRO GLN
  2.00  -1.28  -1.28  -2.03   0.22   2.00   2.00   2.00 
  2.00   2.00   2.00   2.00   2.00   2.00   2.00   2.00 
  0.92  -0.18   0.22  -0.18   0.92  -1.16  -0.18   2.00 
PRO ARG
  2.00  -0.95  -2.09  -2.09   1.00   2.00   2.00   2.00 
  2.00   2.00   2.00   2.00   2.00   2.00   2.00   2.00 
  0.30   0.30   0.30   1.00   1.00  -0.10   0.30   2.00 
PRO HIS
  2.00  -0.84  -1.79  -1.42  -0.33   2.00   0.08   2.00 
  2.00   2.00   2.00   2.00   2.00   2.00   2.00   2.00 
  0.77  -1.17   0.77   0.77   2.00  -0.33  -1.17   2.00 
PRO PHE
  2.00  -1.79  -1.76  -1.03   0.22   2.00   1.61   2.00 
  2.00   2.00   2.00   2.00   2.00   2.00   2.00   2.00 
  2.00   0.22   0.51   0.92   0.51  -0.69  -1.39   2.00 
PRO TYR
  2.00  -1.69  -1.28  -1.28   0.66   2.00   1.35   2.00 
  2.00   2.00   2.00   2.00   2.00   2.00   2.00   2.00 
  2.00  -0.25   0.66  -0.03  -0.03  -0.72  -1.54   2.00 
PRO TRP
  2.00  -1.52  -1.52  -1.93   2.00   2.00   2.00   2.00 
  2.00   2.00   2.00   2.00   2.00   2.00   2.00   2.00 
  2.00  -0.54   2.00   0.56  -0.13  -0.54  -1.05   2.00 
MET GLY
  2.00  -1.55  -1.55  -1.09   0.24   0.24   0.47   1.85 
  2.00   2.00   2.00   2.00   2.00   2.00   2.00   2.00 
  2.00   1.16   0.47   0.47  -0.34  -0.45  -1.55   2.00 
MET ALA
  2.00  -1.95  -2.20  -0.34   1.86   2.00   2.00   2.00 
  2.00   2.00   2.00   2.00   2.00   2.00   2.00   2.00 
  2.00   1.86   1.86   0.25   0.47   0.47  -1.40   2.00 
MET SER
  2.00  -2.03  -2.08  -0.24   1.01   1.70   1.70   2.00 
  2.00   2.00   2.00   2.00   2.00   2.00   2.00   2.00 
  2.00   2.00   2.00   0.61   0.61  -0.24  -1.34   1.70 
MET CYS
  2.00  -2.20  -2.20   2.00   2.00   0.51   2.00   2.00 
  2.00   2.00   2.00   2.00   2.00   2.00   2.00   2.00 
  2.00   2.00   2.00   2.00   2.00   0.51  -1.57   2.00 
MET VAL
  2.00  -2.34  -2.22   0.49   2.00   2.00   2.00   2.00 
  2.00   2.00   2.00   2.00   2.00   2.00   2.00   2.00 
  2.00   2.00   2.00   1.34   1.34  -0.33  -0.61   2.00 
MET THR
  2.00  -2.21  -2.17   1.70   1.70   2.00   1.70   2.00 
  2.00   2.00   2.00   2.00   2.00   2.00   2.00   2.00 
  2.00   1.70   2.00   1.00   1.00   0.60  -1.35   1.70 
MET ILE
  2.00  -2.33  -2.35   0.90   2.00   2.00   2.00   2.00 
  2.00   2.00   2.00   2.00   2.00   2.00   2.00   2.00 
  2.00   2.00   2.00   2.00   0.90   0.05  -0.20   2.00 
MET PRO
  2.00  -0.59  -2.79  -1.57   2.00   1.20   2.00   2.00 
  2.00   2.00   2.00   2.00   2.00   2.00   2.00   2.00 
  2.00   2.00   2.00   1.20   2.00   1.20   1.20   2.00 
MET MET
  2.00  -1.88  -2.39  -0.78   2.00   2.00   2.00   2.00 
  2.00   2.00   2.00   2.00   2.00   2.00   2.00   2.00 
  2.00   2.00   0.83   2.00   0.83   2.00  -1.25   2.00 
MET ASP
  2.00  -1.75  -2.36  -1.12   0.96   0.96   1.65   2.00 
  2.00   2.00   2.00   2.00   2.00   2.00   2.00   2.00 
  2.00   2.00   1.65   1.65   0.26   1.65  -0.83   2.00 
MET ASN
  2.00  -1.79  -2.11  -1.20   2.00   2.00   1.50   2.00 
  2.00   2.00   2.00   2.00   2.00   2.00   2.00   2.00 
  2.00   1.50   0.81   0.41   0.81   0.12  -1.27   2.00 
MET LEU
  2.00  -1.91  -2.58   0.37   2.00   2.00   2.00   2.00 
  2.00   2.00   2.00   2.00   2.00   2.00   2.00   2.00 
  2.00   2.00   2.00   2.00   2.00  -0.14  -0.61   2.00 
MET LYS
  2.00  -2.00  -2.06  -0.73  -0.14   2.00   0.77   2.00 
  2.00   2.00   2.00   2.00   2.00   2.00   2.00   2.00 
  2.00   1.47   1.47   2.00   0.77  -0.61  -0.84   2.00 
MET GLU
  1.46  -2.10  -2.07   0.07   0.76   0.36   2.00   2.00 
  2.00   2.00   2.00   2.00   2.00   2.00   2.00   2.00 
  2.00   0.76   0.36   0.76   1.46  -0.15  -0.85   1.46 
MET GLN
  2.00  -2.03  -2.03   0.27   0.97   0.97   2.00   2.00 
  2.00   2.00   2.00   2.00   2.00   2.00   2.00   2.00 
  2.00   2.00   0.97   0.97   2.00  -0.64  -1.52   2.00 
MET ARG
  2.00  -2.25  -1.87  -0.41   2.00   2.00   0.43   2.00 
  2.00   2.00   2.00   2.00   2.00   2.00   2.00   2.00 
  2.00   2.00   2.00   0.84   0.84  -0.08  -1.36   2.00 
MET HIS
  2.00  -2.20  -2.25   0.93   0.93   2.00   2.00   2.00 
  2.00   2.00   2.00   2.00   2.00   2.00   2.00   2.00 
  2.00   2.00   2.00   0.93   2.00   0.93  -1.37   2.00 
MET PHE
  2.00  -2.21  -2.41   2.00  -0.01   2.00   2.00   2.00 
  2.00   2.00   2.00   2.00   2.00   2.00   2.00   2.00 
  2.00   1.38   2.00   0.68   2.00   2.00  -0.70   2.00 
MET TYR
  2.00  -2.19  -1.80   1.33   0.64   1.33   1.33   2.00 
  2.00   2.00   2.00   2.00   2.00   2.00   2.00   2.00 
  2.00   1.33   1.33   0.23   0.64  -0.28  -1.50   2.00 
MET TRP
  2.00  -2.40  -2.05  -0.26   2.00   2.00   2.00   2.00 
  2.00   2.00   2.00   2.00   2.00   2.00   2.00   2.00 
  2.00   0.43   2.00   2.00   2.00   0.43  -0.95   2.00 
ASP GLY
  2.00   0.00  -0.72  -1.10  -0.48   0.47  -2.14   0.07 
  2.00   2.00   2.00   2.00   2.00   2.00   2.00   2.00 
  2.00   0.70   1.17   0.00  -0.32  -0.40  -0.44   2.00 
ASP ALA
  2.00  -1.07  -1.59  -1.61  -0.56   0.29   0.54   2.00 
  2.00   2.00   2.00   2.00   2.00   2.00   2.00   2.00 
  2.00   1.10   0.69   0.09  -0.46  -1.04  -0.61   2.00 
ASP SER
  2.00  -1.00  -1.48  -1.84  -0.64   2.00   1.44   2.00 
  2.00   2.00   2.00   2.00   2.00   2.00   2.00   2.00 
  1.44   1.04  -0.06  -0.81  -0.57   0.19  -0.64   2.00 
ASP CYS
  2.00  -1.54  -1.82  -1.45   2.00   0.95   0.95   2.00 
  2.00   2.00   2.00   2.00   2.00   2.00   2.00   2.00 
  2.00   2.00   0.26   0.95  -0.15  -1.13  -1.00   2.00 
ASP VAL
  2.00  -1.69  -2.22  -0.92   0.83   2.00   1.93   2.00 
  2.00   2.00   2.00   2.00   2.00   2.00   2.00   2.00 
  2.00   1.93   0.83   1.08  -0.27  -1.03  -0.23   2.00 
ASP THR
  2.00  -1.56  -1.65  -1.34   1.46   2.00   1.06   2.00 
  2.00   2.00   2.00   2.00   2.00   2.00   2.00   2.00 
  2.00   0.77   1.06   0.36  -1.14  -1.10  -0.62   2.00 
ASP ILE
  2.00  -1.71  -2.36  -0.85   1.37   2.00   2.00   2.00 
  2.00   2.00   2.00   2.00   2.00   2.00   2.00   2.00 
  2.00   1.66   2.00   0.68   0.05  -0.91  -0.08   2.00 
ASP PRO
  2.00   1.08  -2.11  -2.43  -0.30   1.78   2.00   2.00 
  2.00   2.00   2.00   2.00   2.00   2.00   2.00   2.00 
  2.00   0.39   1.78   2.00   1.08  -0.30   2.00   2.00 
ASP MET
  2.00  -1.45  -2.01  -1.67   2.00   2.00   1.32   2.00 
  2.00   2.00   2.00   2.00   2.00   2.00   2.00   2.00 
  2.00   2.00   0.63  -0.06  -0.62  -0.76  -0.06   2.00 
ASP ASP
  2.00   0.01  -1.31  -1.54  -0.61   0.16  -1.04   1.95 
  2.00   2.00   2.00   2.00   2.00   2.00   2.00   2.00 
  1.26   0.16   0.85  -0.88  -1.14  -0.25   0.57   2.00 
ASP ASN
  2.00  -0.45  -1.42  -1.32  -0.17   0.02  -0.86   0.93 
  2.00   2.00   2.00   2.00   2.00   2.00   2.00   2.00 
  2.00  -0.45  -0.45  -0.86   0.02  -0.77   0.02   2.00 
ASP LEU
  2.00  -1.16  -2.15  -1.62   2.00   2.00   1.83   2.00 
  2.00   2.00   2.00   2.00   2.00   2.00   2.00   2.00 
  2.00   2.00   0.63   0.45  -0.44  -1.13   0.04   2.00 
ASP LYS
  2.00  -0.79  -1.48  -1.51  -0.28   0.54   0.54   2.00 
  2.00   2.00   2.00   2.00   2.00   2.00   2.00   2.00 
  1.92   0.54   0.31  -0.72  -1.60   0.82  -0.38   2.00 
ASP GLU
  2.00  -0.52  -1.56  -1.74  -0.52   0.44  -0.44   2.00 
  2.00   2.00   2.00   2.00   2.00   2.00   2.00   2.00 
  2.00   0.44   0.95  -0.25  -1.00  -0.44  -0.25   2.00 
ASP GLN
  2.00  -1.03  -1.47  -1.58  -0.71   1.37   0.27   2.00 
  2.00   2.00   2.00   2.00   2.00   2.00   2.00   2.00 
  2.00   0.27   0.67  -0.43  -0.94  -0.94  -0.02   2.00 
ASP ARG
  2.00  -1.11  -1.58  -1.71  -0.68  -0.07   0.11   2.00 
  2.00   2.00   2.00   2.00   2.00   2.00   2.00   2.00 
  2.00   1.72   0.11  -0.58  -0.07  -0.58   0.11   2.00 
ASP HIS
  2.00  -1.20  -1.80  -1.01  -0.66   1.29   2.00   2.00 
  2.00   2.00   2.00   2.00   2.00   2.00   2.00   2.00 
  2.00  -0.10   0.59  -0.91  -0.79  -0.32  -0.66   2.00 
ASP PHE
  2.00  -1.62  -1.99  -0.88   0.04   2.00   1.02   2.00 
  2.00   2.00   2.00   2.00   2.00   2.00   2.00   2.00 
  2.00   2.00   2.00   1.02  -0.28  -0.88  -1.21   2.00 
ASP TYR
  2.00  -1.93  -1.98  -0.97   0.98   2.00   2.00   2.00 
  2.00   2.00   2.00   2.00   2.00   2.00   2.00   2.00 
  2.00   1.39   0.69   0.98  -0.49  -0.69  -0.75   2.00 
ASP TRP
  2.00  -1.27  -2.37  -0.29   0.81   0.81   0.81   2.00 
  2.00   2.00   2.00   2.00   2.00   2.00   2.00   2.00 
  2.00   0.81   2.00   2.00  -0.80  -0.98  -0.58   2.00 
ASN GLY
  2.00  -0.18  -0.33  -0.60  -0.60   0.06  -2.34   0.37 
  2.00   2.00   2.00   2.00   2.00   2.00   2.00   2.00 
  2.00   0.82   2.00   0.13  -0.33  -0.07  -0.64   2.00 
ASN ALA
  2.00  -1.60  -1.72  -1.27  -0.07   2.00   1.54   2.00 
  2.00   2.00   2.00   2.00   2.00   2.00   2.00   2.00 
  2.00   1.54   1.13   0.28  -0.82  -1.03  -0.82   2.00 
ASN SER
  2.00  -1.34  -1.19  -1.19  -0.95   1.99  -0.41   2.00 
  2.00   2.00   2.00   2.00   2.00   2.00   2.00   2.00 
  2.00   1.30   0.89  -0.57  -0.95  -0.41  -1.05   2.00 
ASN CYS
  2.00  -1.92  -1.92   0.22   0.92   2.00   2.00   2.00 
  2.00   2.00   2.00   2.00   2.00   2.00   2.00   2.00 
  2.00   2.00   2.00   2.00  -0.47  -1.48  -1.16   2.00 
ASN VAL
  2.00  -1.84  -2.20  -0.38   2.00   2.00   2.00   2.00 
  2.00   2.00   2.00   2.00   2.00   2.00   2.00   2.00 
  2.00   2.00   2.00   0.83  -0.18  -1.20  -0.75   2.00 
ASN THR
  2.00  -1.51  -1.64  -1.14   0.69   2.00   1.38   2.00 
  2.00   2.00   2.00   2.00   2.00   2.00   2.00   2.00 
  2.00   2.00   0.28  -0.23  -1.06  -1.10  -0.87   2.00 
ASN ILE
  2.00  -1.81  -2.30  -0.47   1.93   2.00   2.00   2.00 
  2.00   2.00   2.00   2.00   2.00   2.00   2.00   2.00 
  2.00   2.00   2.00   2.00  -0.27  -1.07  -0.60   2.00 
ASN PRO
  2.00   0.81  -2.35  -2.11  -0.29   1.50   2.00   2.00 
  2.00   2.00   2.00   2.00   2.00   2.00   2.00   2.00 
  0.41  -0.11   2.00   2.00  -0.11   0.81   2.00   2.00 
ASN MET
  2.00  -1.72  -1.66  -1.37   0.42   2.00   2.00   2.00 
  2.00   2.00   2.00   2.00   2.00   2.00   2.00   2.00 
  2.00   2.00   1.11   2.00  -1.08  -0.97  -0.97   2.00 
ASN ASP
  2.00  -0.09  -1.97  -1.35  -0.25   0.31  -1.35   2.00 
  2.00   2.00   2.00   2.00   2.00   2.00   2.00   2.00 
  2.00   0.60   0.09  -0.38   0.09  -0.09  -0.09   2.00 
ASN ASN
  2.00  -0.13  -1.01  -1.01  -0.13   0.21  -1.18   1.82 
  2.00   2.00   2.00   2.00   2.00   2.00   2.00   2.00 
  1.82   1.13   0.72  -1.27  -1.32  -1.23   1.13   2.00 
ASN LEU
  2.00  -1.81  -2.13  -1.35   1.28   2.00   2.00   2.00 
  2.00   2.00   2.00   2.00   2.00   2.00   2.00   2.00 
  2.00   2.00   2.00   0.88  -0.32  -0.88  -0.10   2.00 
ASN LYS
  2.00  -1.33  -1.65  -1.47  -0.23   1.27   0.58   2.00 
  2.00   2.00   2.00   2.00   2.00   2.00   2.00   2.00 
  2.00   1.96   0.86  -0.52  -1.33  -0.23  -0.23   2.00 
ASN GLU
  2.00  -1.02  -1.37  -1.80  -0.83   0.20  -0.13   2.00 
  2.00   2.00   2.00   2.00   2.00   2.00   2.00   2.00 
  2.00   1.12   2.00   0.02  -0.90  -0.75  -0.13   2.00 
ASN GLN
  2.00  -1.21  -1.81  -1.12   0.58   0.18  -1.12   2.00 
  2.00   2.00   2.00   2.00   2.00   2.00   2.00   2.00 
  2.00   1.28   0.58   1.28  -0.67  -0.52  -0.80   2.00 
ASN ARG
  2.00  -1.58  -1.54  -1.46  -0.27   0.58   1.67   2.00 
  2.00   2.00   2.00   2.00   2.00   2.00   2.00   2.00 
  1.67   0.06   0.58   0.06  -1.22   0.29  -0.27   2.00 
ASN HIS
  2.00  -1.64  -1.64  -0.80   1.00   2.00  -0.10   2.00 
  2.00   2.00   2.00   2.00   2.00   2.00   2.00   2.00 
  1.00   1.00   0.30  -0.39  -1.08  -0.80  -0.61   2.00 
ASN PHE
  2.00  -1.68  -2.04  -0.77   1.37   2.00   0.96   2.00 
  2.00   2.00   2.00   2.00   2.00   2.00   2.00   2.00 
  2.00   2.00   2.00   0.27   0.67  -0.83  -1.50   2.00 
ASN TYR
  2.00  -2.00  -2.00  -0.28   0.73   2.00   2.00   2.00 
  2.00   2.00   2.00   2.00   2.00   2.00   2.00   2.00 
  2.00   2.00   1.02   0.32  -0.08  -0.45  -1.25   2.00 
ASN TRP
  2.00  -1.26  -2.24  -1.07   0.54   1.23   1.23   2.00 
  2.00   2.00   2.00   2.00   2.00   2.00   2.00   2.00 
  2.00   1.23   1.23   0.13  -0.16  -0.97  -0.56   2.00 
LEU GLY
  2.00  -1.36  -1.58  -1.25  -0.58   1.11   0.48   2.00 
  2.00   2.00   2.00   2.00   2.00   2.00   2.00   2.00 
  2.00   1.39   1.24   0.09   0.62  -0.91  -1.52   2.00 
LEU ALA
  2.00  -1.87  -2.06  -0.60   0.11   2.00   2.00   2.00 
  2.00   2.00   2.00   2.00   2.00   2.00   2.00   2.00 
  2.00   2.00   0.95   1.30   1.17  -0.62  -1.33   2.00 
LEU SER
  2.00  -1.89  -2.04   0.02   0.24   1.63   1.85   2.00 
  2.00   2.00   2.00   2.00   2.00   2.00   2.00   2.00 
  2.00   2.00   2.00   0.53   1.45  -0.37  -1.61   2.00 
LEU CYS
  2.00  -1.97  -2.22  -0.51   1.37   2.00   2.00   2.00 
  2.00   2.00   2.00   2.00   2.00   2.00   2.00   2.00 
  2.00   2.00   2.00   1.37   2.00  -0.89  -1.03   2.00 
LEU VAL
  2.00  -2.00  -2.45   0.66   2.00   2.00   2.00   2.00 
  2.00   2.00   2.00   2.00   2.00   2.00   2.00   2.00 
  2.00   2.00   1.90   1.54   1.44  -0.52  -0.79   2.00 
LEU THR
  2.00  -1.98  -2.20   0.26   2.00   2.00   2.00   2.00 
  2.00   2.00   2.00   2.00   2.00   2.00   2.00   2.00 
  2.00   2.00   2.00   1.49   1.64  -0.48  -1.49   2.00 
LEU ILE
  2.00  -2.00  -2.49   0.87   1.90   2.00   2.00   2.00 
  2.00   2.00   2.00   2.00   2.00   2.00   2.00   2.00 
  2.00   2.00   2.00   2.00   2.00  -0.74  -0.48   2.00 
LEU PRO
  2.00  -0.33  -2.83  -1.29   1.87   2.00   2.00   2.00 
  2.00   2.00   2.00   2.00   2.00   2.00   2.00   2.00 
  2.00   1.46   0.95   1.46   0.95   0.95   1.87   2.00 
LEU MET
  2.00  -2.02  -2.33   0.27   2.00   2.00   2.00   2.00 
  2.00   2.00   2.00   2.00   2.00   2.00   2.00   2.00 
  2.00   2.00   1.11   0.60   2.00  -0.35  -1.12   2.00 
LEU ASP
  2.00  -1.18  -2.48  -0.99   0.25   1.07   0.72   2.00 
  2.00   2.00   2.00   2.00   2.00   2.00   2.00   2.00 
  2.00   1.92   1.23   1.23   0.82  -0.72  -0.28   2.00 
LEU ASN
  2.00  -1.47  -2.26  -0.57   0.66   0.37   0.22   2.00 
  2.00   2.00   2.00   2.00   2.00   2.00   2.00   2.00 
  2.00   1.76   0.56   2.00   0.91  -0.75  -1.05   2.00 
LEU LEU
  2.00  -1.84  -2.58   0.26   2.00   2.00   2.00   2.00 
  2.00   2.00   2.00   2.00   2.00   2.00   2.00   2.00 
  2.00   2.00   1.87   1.46   1.87  -0.53  -0.19   2.00 
LEU LYS
  2.00  -1.97  -2.23  -0.44   0.78   2.00   1.99   2.00 
  2.00   2.00   2.00   2.00   2.00   2.00   2.00   2.00 
  2.00   1.99   2.00   0.69   1.48  -0.72  -0.88   2.00 
LEU GLU
  2.00  -1.92  -2.26  -0.40   0.61   2.00   2.00   2.00 
  2.00   2.00   2.00   2.00   2.00   2.00   2.00   2.00 
  2.00   2.00   0.90   1.15   1.71  -0.57  -1.02   2.00 
LEU GLN
  2.00  -2.06  -2.17  -0.24   1.96   2.00   2.00   2.00 
  2.00   2.00   2.00   2.00   2.00   2.00   2.00   2.00 
  2.00   1.96   1.55   0.86   1.96  -0.29  -1.30   2.00 
LEU ARG
  2.00  -1.99  -2.15  -0.15   0.59   2.00   2.00   2.00 
  2.00   2.00   2.00   2.00   2.00   2.00   2.00   2.00 
  2.00   2.00   2.00   0.59   1.38  -0.65  -1.20   2.00 
LEU HIS
  2.00  -1.90  -2.25   0.36   1.61   1.61   2.00   2.00 
  2.00   2.00   2.00   2.00   2.00   2.00   2.00   2.00 
  2.00   2.00   2.00   0.92   1.20  -0.79  -1.25   2.00 
LEU PHE
  2.00  -2.17  -2.16   0.78   1.37   2.00   2.00   2.00 
  2.00   2.00   2.00   2.00   2.00   2.00   2.00   2.00 
  2.00   1.88   2.00   1.37   2.00  -0.24  -1.34   2.00 
LEU TYR
  2.00  -2.16  -2.17   0.43   1.97   2.00   2.00   2.00 
  2.00   2.00   2.00   2.00   2.00   2.00   2.00   2.00 
  2.00   1.68   1.27   1.12   2.00   0.02  -1.35   2.00 
LEU TRP
  2.00  -2.04  -2.27   0.75   0.06   2.00   2.00   2.00 
  2.00   2.00   2.00   2.00   2.00   2.00   2.00   2.00 
  2.00   2.00   1.16   0.75   2.00   0.06  -1.24   2.00 
LYS GLY
  2.00  -0.87  -0.83  -0.65  -0.48  -0.20  -0.93   1.88 
  2.00   2.00   2.00   2.00   2.00   2.00   2.00   2.00 
  2.00   0.49   1.47  -0.43  -0.27  -1.17  -1.57   1.88 
LYS ALA
  2.00  -1.87  -2.01  -0.81   0.87   1.97   1.56   2.00 
  2.00   2.00   2.00   2.00   2.00   2.00   2.00   2.00 
  2.00   1.05   0.87   0.87   0.58  -0.28  -1.37   2.00 
LYS SER
  2.00  -1.63  -2.05  -0.47  -0.32   0.30   2.00   2.00 
  2.00   2.00   2.00   2.00   2.00   2.00   2.00   2.00 
  1.55   1.55   0.86   0.63  -0.32  -0.24  -1.19   2.00 
LYS CYS
  2.00  -2.06  -2.36  -0.26   1.68   2.00   2.00   2.00 
  2.00   2.00   2.00   2.00   2.00   2.00   2.00   2.00 
  2.00   2.00   2.00   0.99   1.68  -0.62  -0.52   2.00 
LYS VAL
  2.00  -2.17  -2.35  -0.00   2.00   2.00   2.00   2.00 
  2.00   2.00   2.00   2.00   2.00   2.00   2.00   2.00 
  2.00   2.00   2.00   2.00   2.00  -0.52  -0.57   2.00 
LYS THR
  2.00  -2.17  -2.00   0.36   1.17   2.00   2.00   2.00 
  2.00   2.00   2.00   2.00   2.00   2.00   2.00   2.00 
  2.00   1.87   0.77  -0.21   0.48  -0.39  -1.08   2.00 
LYS ILE
  2.00  -2.17  -2.32  -0.04   2.00   2.00   2.00   2.00 
  2.00   2.00   2.00   2.00   2.00   2.00   2.00   2.00 
  2.00   2.00   2.00   2.00   1.49  -0.67  -0.46   2.00 
LYS PRO
  2.00  -0.34  -2.71  -1.44   0.07   2.00   2.00   2.00 
  2.00   2.00   2.00   2.00   2.00   2.00   2.00   2.00 
  1.86   0.07   1.86   2.00   1.17   0.07   2.00   2.00 
LYS MET
  2.00  -1.94  -2.33   0.31   1.70   2.00   2.00   1.70 
  2.00   2.00   2.00   2.00   2.00   2.00   2.00   2.00 
  2.00   1.70   2.00   1.00   0.31  -0.09  -1.19   2.00 
LYS ASP
  2.00  -1.12  -1.67  -0.63  -0.75  -0.90  -1.08   1.04 
  2.00   2.00   2.00   2.00   2.00   2.00   2.00   2.00 
  2.00   0.75  -0.16  -0.50   0.35  -0.16   0.53   2.00 
LYS ASN
  2.00  -1.12  -1.99   0.06   0.75  -0.75  -0.75   2.00 
  2.00   2.00   2.00   2.00   2.00   2.00   2.00   2.00 
  2.00  -0.16  -0.34  -0.86   1.45   0.06  -0.57   2.00 
LYS LEU
  2.00  -2.07  -2.51  -0.27   2.00   2.00   2.00   2.00 
  2.00   2.00   2.00   2.00   2.00   2.00   2.00   2.00 
  2.00   2.00   2.00   2.00   1.30   0.46  -0.34   2.00 
LYS LYS
  2.00  -1.55  -2.29  -1.00   0.46   0.87   1.56   2.00 
  2.00   2.00   2.00   2.00   2.00   2.00   2.00   2.00 
  2.00   0.87   2.00   0.18   0.46  -0.45  -0.63   2.00 
LYS GLU
  2.00  -1.58  -2.11  -0.98  -0.53   0.32   0.72   2.00 
  2.00   2.00   2.00   2.00   2.00   2.00   2.00   2.00 
  2.00   1.01   0.50  -0.60   1.42   0.03  -0.19   2.00 
LYS GLN
  2.00  -1.84  -2.39   0.36   0.36   2.00   0.76   2.00 
  2.00   2.00   2.00   2.00   2.00   2.00   2.00   2.00 
  1.46   2.00   0.76   1.46   0.76   0.07  -0.94   2.00 
LYS ARG
  2.00  -1.52  -2.34  -0.91   0.19   1.98   1.98   2.00 
  2.00   2.00   2.00   2.00   2.00   2.00   2.00   2.00 
  2.00   0.88   0.59   0.04   0.88  -0.10  -0.73   2.00 
LYS HIS
  2.00  -1.86  -2.19  -0.81  -0.25   2.00   0.45   2.00 
  2.00   2.00   2.00   2.00   2.00   2.00   2.00   2.00 
  2.00   0.04   0.45   0.04   2.00   1.14  -0.47   2.00 
LYS PHE
  2.00  -2.01  -2.20  -0.12   2.00   2.00   2.00   2.00 
  2.00   2.00   2.00   2.00   2.00   2.00   2.00   2.00 
  2.00   1.67   1.27   1.27   0.76  -0.58  -1.19   2.00 
LYS TYR
  2.00  -2.35  -1.83  -0.15   1.06   2.00   2.00   2.00 
  2.00   2.00   2.00   2.00   2.00   2.00   2.00   2.00 
  2.00   1.46   2.00   0.21   1.46   1.06  -1.37   2.00 
LYS TRP
  2.00  -2.06  -2.09  -0.87   0.05   1.44   2.00   2.00 
  2.00   2.00   2.00   2.00   2.00   2.00   2.00   2.00 
  2.00   0.34   2.00   0.74   0.74   2.00  -1.05   2.00 
GLU GLY
  2.00  -0.55  -0.46  -0.84  -0.96   0.06  -1.06   0.84 
  2.00   2.00   2.00   2.00   2.00   2.00   2.00   2.00 
  1.93  -0.15   0.68  -0.01  -0.32  -1.04  -1.50   2.00 
GLU ALA
  2.00  -1.93  -1.80  -1.08   1.32   2.00   2.00   2.00 
  2.00   2.00   2.00   2.00   2.00   2.00   2.00   2.00 
  2.00   1.32   2.00   0.81   0.34  -0.42  -1.57   2.00 
GLU SER
  2.00  -1.62  -1.75  -0.90  -0.69  -0.05   1.05   2.00 
  2.00   2.00   2.00   2.00   2.00   2.00   2.00   2.00 
  2.00   2.00   1.45  -0.05   0.20  -0.56  -1.15   2.00 
GLU CYS
  2.00  -1.70  -2.45  -0.39   1.56   2.00   2.00   2.00 
  2.00   2.00   2.00   2.00   2.00   2.00   2.00   2.00 
  2.00   2.00   2.00   1.56   0.86  -0.52  -1.08   2.00 
GLU VAL
  2.00  -2.18  -2.25   0.17   2.00   2.00   2.00   2.00 
  2.00   2.00   2.00   2.00   2.00   2.00   2.00   2.00 
  2.00   2.00   2.00   1.23   1.64  -0.50  -0.90   2.00 
GLU THR
  2.00  -2.09  -1.84  -0.22   1.03   1.73   1.73   2.00 
  2.00   2.00   2.00   2.00   2.00   2.00   2.00   2.00 
  2.00   1.73   1.03  -0.14   1.03  -0.67  -1.29   2.00 
GLU ILE
  2.00  -2.05  -2.43   0.30   2.00   2.00   2.00   2.00 
  2.00   2.00   2.00   2.00   2.00   2.00   2.00   2.00 
  2.00   2.00   2.00   1.98   0.77  -0.15  -0.78   2.00 
GLU PRO
  2.00  -0.56  -2.44  -1.86   0.25   2.00   2.00   2.00 
  2.00   2.00   2.00   2.00   2.00   2.00   2.00   2.00 
  0.25   0.54   1.63   0.94   1.63  -0.31   2.00   2.00 
GLU MET
  2.00  -2.09  -2.01  -0.55   2.00   2.00   2.00   2.00 
  2.00   2.00   2.00   2.00   2.00   2.00   2.00   2.00 
  1.65   2.00   2.00   0.96   0.96  -0.30  -1.49   2.00 
GLU ASP
  2.00  -0.90  -1.87  -1.12  -0.33  -0.21  -0.53   1.87 
  2.00   2.00   2.00   2.00   2.00   2.00   2.00   2.00 
  0.77  -0.33   0.26  -0.07   1.18  -0.07  -0.90   2.00 
GLU ASN
  2.00  -1.09  -1.65  -0.11  -0.22  -0.62  -1.05   2.00 
  2.00   2.00   2.00   2.00   2.00   2.00   2.00   2.00 
  0.99  -0.81  -0.11  -0.40   0.48  -0.11  -0.55   2.00 
GLU LEU
  2.00  -1.95  -2.44  -0.23   2.00   2.00   2.00   2.00 
  2.00   2.00   2.00   2.00   2.00   2.00   2.00   2.00 
  2.00   2.00   2.00   1.15   1.71  -0.64  -0.37   2.00 
GLU LYS
  2.00  -1.57  -2.03  -0.86   0.28   0.57   0.98   2.00 
  2.00   2.00   2.00   2.00   2.00   2.00   2.00   2.00 
  2.00   0.75   0.06  -0.41   0.42  -0.53  -0.77   2.00 
GLU GLU
  2.00  -1.27  -2.29  -0.98  -0.02   0.97   0.68   2.00 
  2.00   2.00   2.00   2.00   2.00   2.00   2.00   2.00 
  2.00   0.12   0.68  -0.13  -0.13   0.68  -0.50   2.00 
GLU GLN
  2.00  -1.90  -2.06  -0.84   1.47   1.47   1.47   2.00 
  2.00   2.00   2.00   2.00   2.00   2.00   2.00   2.00 
  2.00   1.47   0.37  -0.14   1.47   0.77  -1.24   1.47 
GLU ARG
  2.00  -1.44  -2.30  -0.68   0.64   1.33   2.00   2.00 
  2.00   2.00   2.00   2.00   2.00   2.00   2.00   2.00 
  2.00   2.00   0.64  -0.54   0.08  -0.05  -0.97   2.00 
GLU HIS
  2.00  -1.84  -1.74  -0.36   2.00   2.00   0.56   0.56 
  2.00   2.00   2.00   2.00   2.00   2.00   2.00   2.00 
  1.25   0.15  -0.36  -0.69   2.00  -0.13  -1.31   2.00 
GLU PHE
  2.00  -2.28  -1.98   0.71   0.90   2.00   2.00   2.00 
  2.00   2.00   2.00   2.00   2.00   2.00   2.00   2.00 
  2.00   2.00   2.00   1.41   0.71   0.11  -1.45   2.00 
GLU TYR
  2.00  -2.25  -1.96   0.34   0.21   2.00   2.00   2.00 
  2.00   2.00   2.00   2.00   2.00   2.00   2.00   2.00 
  2.00   1.59   2.00   0.68   0.90   0.34  -1.38   2.00 
GLU TRP
  2.00  -1.75  -2.39  -0.27   0.25   2.00   2.00   2.00 
  2.00   2.00   2.00   2.00   2.00   2.00   2.00   2.00 
  2.00   2.00   1.34   1.34   2.00  -0.04  -1.30   2.00 
GLN GLY
  2.00  -0.72  -1.18  -0.99  -0.72   0.43  -1.14   1.53 
  2.00   2.00   2.00   2.00   2.00   2.00   2.00   2.00 
  2.00   0.03   1.13   0.62  -0.26  -0.61  -1.58   2.00 
GLN ALA
  2.00  -1.90  -2.14  -0.66   1.35   0.95   2.00   2.00 
  2.00   2.00   2.00   2.00   2.00   2.00   2.00   2.00 
  2.00   2.00   2.00   0.95   0.95   0.10  -1.42   2.00 
GLN SER
  2.00  -1.98  -2.02  -0.76   0.42   0.71   1.81   2.00 
  2.00   2.00   2.00   2.00   2.00   2.00   2.00   2.00 
  2.00   1.11   0.71  -0.27   0.01  -0.14  -0.39   2.00 
GLN CYS
  2.00  -2.08  -2.15  -0.10   1.29   2.00   2.00   2.00 
  2.00   2.00   2.00   2.00   2.00   2.00   2.00   2.00 
  2.00   2.00   1.29   2.00   2.00  -0.66  -1.35   2.00 
GLN VAL
  2.00  -2.14  -2.29   0.50   2.00   2.00   2.00   2.00 
  2.00   2.00   2.00   2.00   2.00   2.00   2.00   2.00 
  2.00   2.00   2.00   2.00   1.52  -0.65  -0.95   2.00 
GLN THR
  2.00  -2.12  -2.04  -0.24   2.00   2.00   2.00   2.00 
  2.00   2.00   2.00   2.00   2.00   2.00   2.00   2.00 
  2.00   1.37   1.37   0.96   0.11  -0.71  -1.03   2.00 
GLN ILE
  2.00  -2.19  -2.31  -0.09   2.00   2.00   2.00   2.00 
  2.00   2.00   2.00   2.00   2.00   2.00   2.00   2.00 
  2.00   2.00   2.00   2.00   1.85  -0.34  -0.75   2.00 
GLN PRO
  2.00  -0.08  -2.60  -1.87  -0.08   2.00   2.00   2.00 
  2.00   2.00   2.00   2.00   2.00   2.00   2.00   2.00 
  1.31   1.31   1.31   2.00   1.31   0.21   2.00   2.00 
GLN MET
  2.00  -2.51  -1.47  -0.37   2.00   2.00   2.00   2.00 
  2.00   2.00   2.00   2.00   2.00   2.00   2.00   2.00 
  2.00   2.00   2.00   2.00   0.32  -0.60  -1.19   2.00 
GLN ASP
  2.00  -1.58  -2.00  -1.00   0.26   0.03  -0.84   2.00 
  2.00   2.00   2.00   2.00   2.00   2.00   2.00   2.00 
  2.00   0.95   1.64  -0.15   0.26  -0.55   0.26   2.00 
GLN ASN
  2.00  -1.14  -2.07   0.18  -0.38  -0.04  -0.92   2.00 
  2.00   2.00   2.00   2.00   2.00   2.00   2.00   2.00 
  1.57   0.87  -0.38  -0.63   1.57  -0.63  -0.04   2.00 
GLN LEU
  2.00  -1.76  -2.55  -0.35   2.00   2.00   2.00   2.00 
  2.00   2.00   2.00   2.00   2.00   2.00   2.00   2.00 
  2.00   2.00   1.50   1.90   1.21  -0.29  -0.62   2.00 
GLN LYS
  2.00  -1.81  -2.18  -0.77   0.93   0.53   0.53   2.00 
  2.00   2.00   2.00   2.00   2.00   2.00   2.00   2.00 
  2.00   0.93   0.93   0.02   0.53   0.02  -0.68   2.00 
GLN GLU
  2.00  -2.01  -2.27  -0.32   0.02   1.63   0.93   2.00 
  2.00   2.00   2.00   2.00   2.00   2.00   2.00   2.00 
  2.00   1.63   0.53   0.53   0.24   0.24   0.02   2.00 
GLN GLN
  2.00  -2.32  -1.97   0.37   0.37   0.37   2.00   2.00 
  2.00   2.00   2.00   2.00   2.00   2.00   2.00   2.00 
  2.00   2.00   0.08   1.47  -0.14   0.08  -0.33   2.00 
GLN ARG
  2.00  -2.00  -2.19  -0.56  -0.16   1.63   2.00   2.00 
  2.00   2.00   2.00   2.00   2.00   2.00   2.00   2.00 
  2.00   2.00   0.54   0.54   0.54   0.02  -0.56   2.00 
GLN HIS
  2.00  -1.90  -2.00  -0.34   1.04   1.04   1.04   2.00 
  2.00   2.00   2.00   2.00   2.00   2.00   2.00   2.00 
  2.00   0.35   1.04   1.04  -0.06  -0.06  -1.36   2.00 
GLN PHE
  2.00  -2.30  -1.98   0.70   2.00   2.00   2.00   2.00 
  2.00   2.00   2.00   2.00   2.00   2.00   2.00   2.00 
  2.00   2.00   1.39   2.00   1.39  -0.11  -1.47   2.00 
GLN TYR
  2.00  -2.51  -1.96   0.36   1.75   1.06   2.00   2.00 
  2.00   2.00   2.00   2.00   2.00   2.00   2.00   2.00 
  1.75   1.75   1.06   2.00   1.75   0.65  -0.65   2.00 
GLN TRP
  2.00  -1.87  -2.26  -0.77   1.18   2.00   0.49   2.00 
  2.00   2.00   2.00   2.00   2.00   2.00   2.00   2.00 
  2.00   2.00   2.00   2.00   1.18   1.18  -1.46   2.00 
ARG GLY
  2.00  -1.09  -0.71  -1.12  -0.43   0.27  -0.94   1.37 
  2.00   2.00   2.00   2.00   2.00   2.00   2.00   2.00 
  2.00   1.37   0.67   0.27  -0.10  -1.12  -1.63   2.00 
ARG ALA
  2.00  -1.87  -2.02  -0.89   1.38   2.00   2.00   2.00 
  2.00   2.00   2.00   2.00   2.00   2.00   2.00   2.00 
  2.00   1.38   2.00   0.87   0.40  -0.29  -1.51   2.00 
ARG SER
  2.00  -1.88  -1.88  -0.37   0.81   0.81   1.10   2.00 
  2.00   2.00   2.00   2.00   2.00   2.00   2.00   2.00 
  2.00   2.00  -0.20  -0.11   0.41  -0.64  -1.13   2.00 
ARG CYS
  2.00  -2.28  -2.23  -0.17   2.00   2.00   1.44   2.00 
  2.00   2.00   2.00   2.00   2.00   2.00   2.00   2.00 
  2.00   2.00   2.00   2.00   2.00  -0.35  -0.76   2.00 
ARG VAL
  2.00  -2.23  -2.28   0.11   2.00   2.00   2.00   2.00 
  2.00   2.00   2.00   2.00   2.00   2.00   2.00   2.00 
  2.00   2.00   2.00   1.98   1.42  -0.39  -0.71   2.00 
ARG THR
  2.00  -2.15  -2.10  -0.02   1.69   2.00   2.00   2.00 
  2.00   2.00   2.00   2.00   2.00   2.00   2.00   2.00 
  2.00   2.00   1.69   0.59   0.59  -0.26  -1.18   2.00 
ARG ILE
  2.00  -2.18  -2.40   0.18   2.00   2.00   2.00   2.00 
  2.00   2.00   2.00   2.00   2.00   2.00   2.00   2.00 
  2.00   2.00   2.00   1.56   0.87  -0.27  -0.23   2.00 
ARG PRO
  2.00  -0.08  -2.68  -1.81   0.61   2.00   2.00   2.00 
  2.00   2.00   2.00   2.00   2.00   2.00   2.00   2.00 
  2.00   1.71   1.71   2.00   0.10   1.02   2.00   2.00 
ARG MET
  2.00  -2.16  -2.06  -0.48   1.31   2.00   2.00   2.00 
  2.00   2.00   2.00   2.00   2.00   2.00   2.00   2.00 
  2.00   2.00   2.00   1.31   0.21  -0.77  -0.89   2.00 
ARG ASP
  2.00  -1.22  -2.31  -0.94   0.06   0.62   0.39   2.00 
  2.00   2.00   2.00   2.00   2.00   2.00   2.00   2.00 
  2.00   0.21   0.39   0.06   1.31  -0.08  -0.64   2.00 
ARG ASN
  2.00  -1.29  -1.91  -0.77   0.41   0.19  -1.09   2.00 
  2.00   2.00   2.00   2.00   2.00   2.00   2.00   2.00 
  2.00   0.19   0.41  -0.60   0.41  -0.28  -0.50   2.00 
ARG LEU
  2.00  -2.03  -2.47   0.06   1.67   2.00   2.00   2.00 
  2.00   2.00   2.00   2.00   2.00   2.00   2.00   2.00 
  2.00   2.00   1.44   1.26   1.11  -0.08  -0.38   2.00 
ARG LYS
  2.00  -1.66  -2.29  -1.17   0.91   2.00   1.31   2.00 
  2.00   2.00   2.00   2.00   2.00   2.00   2.00   2.00 
  2.00   2.00   0.91  -0.19   0.91   0.06  -0.70   2.00 
ARG GLU
  2.00  -1.71  -2.18  -1.01   0.59   1.98   1.29   1.29 
  2.00   2.00   2.00   2.00   2.00   2.00   2.00   2.00 
  2.00   0.37   1.98  -0.42   0.59   0.37  -0.73   2.00 
ARG GLN
  2.00  -1.91  -2.00  -0.84  -0.15   1.64   0.54   2.00 
  2.00   2.00   2.00   2.00   2.00   2.00   2.00   2.00 
  2.00   2.00   1.64   0.54  -0.15  -0.55  -0.66   2.00 
ARG ARG
  2.00  -1.90  -2.21  -0.64   0.74   2.00   2.00   2.00 
  2.00   2.00   2.00   2.00   2.00   2.00   2.00   2.00 
  2.00   0.74   0.52   0.34   1.44  -0.17  -0.87   2.00 
ARG HIS
  2.00  -1.87  -1.98  -0.56   0.29   2.00   1.39   2.00 
  2.00   2.00   2.00   2.00   2.00   2.00   2.00   2.00 
  1.39   0.29   1.39  -0.22   0.69  -0.81  -0.81   2.00 
ARG PHE
  2.00  -2.30  -2.04   0.72   1.42   2.00   2.00   2.00 
  2.00   2.00   2.00   2.00   2.00   2.00   2.00   2.00 
  2.00   2.00   2.00   1.42   0.57  -0.05  -1.25   2.00 
ARG TYR
  2.00  -2.28  -1.88  -0.12   1.27   2.00   2.00   2.00 
  2.00   2.00   2.00   2.00   2.00   2.00   2.00   2.00 
  2.00   2.00   1.67   0.42   2.00  -0.20  -1.37   2.00 
ARG TRP
  2.00  -2.14  -2.07   0.05   1.15   2.00   2.00   2.00 
  2.00   2.00   2.00   2.00   2.00   2.00   2.00   2.00 
  2.00   2.00   1.15   0.46   0.46   0.46  -1.41   2.00 
HIS GLY
  2.00  -1.23  -1.53  -1.34  -0.49   0.05  -0.57   1.99 
  2.00   2.00   2.00   2.00   2.00   2.00   2.00   2.00 
  2.00   0.38   0.61   0.20   0.20  -0.41  -1.19   2.00 
HIS ALA
  2.00  -2.09  -1.77  -0.99   2.00   2.00   2.00   2.00 
  2.00   2.00   2.00   2.00   2.00   2.00   2.00   2.00 
  2.00   2.00   1.15   0.05   0.75  -0.86  -1.20   2.00 
HIS SER
  2.00  -1.98  -1.85  -0.78  -0.49   2.00   2.00   2.00 
  2.00   2.00   2.00   2.00   2.00   2.00   2.00   2.00 
  1.70   1.70   2.00   1.01   0.10  -0.69  -1.07   2.00 
HIS CYS
  2.00  -1.93  -2.33  -0.94   2.00   2.00   2.00   2.00 
  2.00   2.00   2.00   2.00   2.00   2.00   2.00   2.00 
  2.00   2.00   0.15   2.00   0.85  -0.76   0.15   2.00 
HIS VAL
  2.00  -2.24  -2.20  -0.04   2.00   2.00   2.00   2.00 
  2.00   2.00   2.00   2.00   2.00   2.00   2.00   2.00 
  2.00   2.00   1.26   2.00   0.16  -0.42  -0.54   2.00 
HIS THR
  2.00  -2.13  -1.90  -0.56   0.74   1.84   1.84   2.00 
  2.00   2.00   2.00   2.00   2.00   2.00   2.00   2.00 
  2.00   1.84   2.00   0.45   0.74  -0.11  -1.38   2.00 
HIS ILE
  2.00  -2.10  -2.38   0.21   2.00   2.00   2.00   2.00 
  2.00   2.00   2.00   2.00   2.00   2.00   2.00   2.00 
  2.00   2.00   2.00   0.35   1.60  -0.41  -0.54   2.00 
HIS PRO
  2.00   0.03  -2.24  -2.37   0.43   2.00   2.00   2.00 
  2.00   2.00   2.00   2.00   2.00   2.00   2.00   2.00 
  1.13   2.00   1.13   1.13   0.43   0.43   2.00   2.00 
HIS MET
  0.75  -2.08  -1.73  -0.34   0.75   2.00   0.75   2.00 
  2.00   2.00   2.00   2.00   2.00   2.00   2.00   2.00 
  2.00   2.00   2.00   0.75  -0.86  -0.34  -1.19   2.00 
HIS ASP
  2.00  -0.50  -2.29  -1.39  -0.16   0.06   0.06   2.00 
  2.00   2.00   2.00   2.00   2.00   2.00   2.00   2.00 
  2.00   0.75   2.00  -0.50   1.45  -0.34  -0.50   2.00 
HIS ASN
  2.00  -1.31  -2.04  -0.43   0.08  -0.21  -0.21   0.49 
  2.00   2.00   2.00   2.00   2.00   2.00   2.00   2.00 
  2.00   2.00  -0.21   0.08   2.00  -1.02  -0.77   2.00 
HIS LEU
  2.00  -2.17  -2.29  -0.34   1.74   2.00   2.00   2.00 
  2.00   2.00   2.00   2.00   2.00   2.00   2.00   2.00 
  2.00   2.00   2.00   2.00   0.64  -0.34  -0.51   2.00 
HIS LYS
  2.00  -1.84  -1.99  -1.40   1.38   0.68  -0.23   2.00 
  2.00   2.00   2.00   2.00   2.00   2.00   2.00   2.00 
  2.00   2.00   0.68   1.38   0.68  -0.23  -0.57   2.00 
HIS GLU
  2.00  -1.79  -1.93  -1.50   0.51   0.11   1.20   2.00 
  2.00   2.00   2.00   2.00   2.00   2.00   2.00   2.00 
  2.00   0.11   1.20   1.20  -0.18  -0.59   1.20   2.00 
HIS GLN
  2.00  -2.07  -1.93  -0.68   1.11   0.01   1.11   2.00 
  2.00   2.00   2.00   2.00   2.00   2.00   2.00   2.00 
  2.00   2.00   0.42   2.00   0.01  -0.27  -0.97   2.00 
HIS ARG
  2.00  -1.86  -2.05  -0.83   1.48   0.78   0.38   2.00 
  2.00   2.00   2.00   2.00   2.00   2.00   2.00   2.00 
  2.00   0.78   1.48  -0.13   0.38   1.48  -1.23   2.00 
HIS HIS
  2.00  -1.72  -2.02  -0.50   0.42   1.11   2.00   2.00 
  2.00   2.00   2.00   2.00   2.00   2.00   2.00   2.00 
  2.00   0.42   0.01   0.42   0.01  -0.50  -1.19   2.00 
HIS PHE
  2.00  -2.14  -2.21   0.26   1.18   2.00   2.00   2.00 
  2.00   2.00   2.00   2.00   2.00   2.00   2.00   2.00 
  2.00   2.00   2.00   1.18   0.49  -0.33  -1.12   2.00 
HIS TYR
  2.00  -2.36  -2.07   0.39   1.49   2.00   2.00   2.00 
  2.00   2.00   2.00   2.00   2.00   2.00   2.00   2.00 
  2.00   1.49   2.00   2.00   0.39   0.10  -1.00   2.00 
HIS TRP
  2.00  -2.06  -2.12   0.02   2.00   2.00   2.00   2.00 
  2.00   2.00   2.00   2.00   2.00   2.00   2.00   2.00 
  2.00   0.02   2.00   2.00   2.00   0.02  -1.59   2.00 
PHE GLY
  2.00  -1.66  -1.38  -0.33  -0.33   1.61   0.52   1.61 
  2.00   2.00   2.00   2.00   2.00   2.00   2.00   2.00 
  2.00   2.00   0.92   0.41   0.15  -0.81  -1.90   2.00 
PHE ALA
  2.00  -2.13  -1.81  -0.30   0.49   0.72   1.70   2.00 
  2.00   2.00   2.00   2.00   2.00   2.00   2.00   2.00 
  2.00   2.00   2.00   1.19   1.19  -0.54  -1.48   2.00 
PHE SER
  2.00  -2.27  -1.96   0.11   0.74   2.00   2.00   2.00 
  2.00   2.00   2.00   2.00   2.00   2.00   2.00   2.00 
  2.00   2.00   2.00   1.03   1.72   0.05  -1.40   2.00 
PHE CYS
  2.00  -2.11  -2.30  -0.11   0.41   2.00   2.00   2.00 
  2.00   2.00   2.00   2.00   2.00   2.00   2.00   2.00 
  2.00   1.50   2.00   2.00   0.12  -0.11  -0.58   2.00 
PHE VAL
  2.00  -2.25  -2.30   0.36   2.00   2.00   2.00   2.00 
  2.00   2.00   2.00   2.00   2.00   2.00   2.00   2.00 
  2.00   2.00   2.00   1.41   2.00  -0.36  -0.73   2.00 
PHE THR
  2.00  -2.39  -1.98   0.43   2.00   2.00   2.00   2.00 
  2.00   2.00   2.00   2.00   2.00   2.00   2.00   2.00 
  2.00   1.89   2.00   1.89   1.38  -0.38  -1.10   2.00 
PHE ILE
  2.00  -2.30  -2.32   0.85   2.00   2.00   2.00   2.00 
  2.00   2.00   2.00   2.00   2.00   2.00   2.00   2.00 
  2.00   2.00   2.00   2.00   2.00  -0.24  -0.66   2.00 
PHE PRO
  2.00  -0.66  -2.66  -1.70   0.35   2.00   2.00   2.00 
  2.00   2.00   2.00   2.00   2.00   2.00   2.00   2.00 
  2.00   0.64   2.00   1.04   1.73   1.04   1.73   2.00 
PHE MET
  2.00  -2.41  -2.03   0.61   2.00   2.00   2.00   2.00 
  2.00   2.00   2.00   2.00   2.00   2.00   2.00   2.00 
  2.00   2.00   2.00   0.61   2.00  -0.09  -1.10   2.00 
PHE ASP
  2.00  -1.73  -2.44  -1.01   1.14   2.00   1.37   2.00 
  2.00   2.00   2.00   2.00   2.00   2.00   2.00   2.00 
  2.00   2.00   2.00   1.65   0.81   0.04  -0.58   2.00 
PHE ASN
  2.00  -1.65  -2.30  -0.42   0.68   0.49   0.34   2.00 
  2.00   2.00   2.00   2.00   2.00   2.00   2.00   2.00 
  2.00   1.19   1.59   1.59   0.90  -0.60  -0.89   2.00 
PHE LEU
  2.00  -2.09  -2.30  -0.04   2.00   2.00   2.00   2.00 
  2.00   2.00   2.00   2.00   2.00   2.00   2.00   2.00 
  2.00   2.00   1.56   2.00   1.16  -0.34  -1.02   2.00 
PHE LYS
  2.00  -2.02  -2.28  -0.56   1.97   1.56   2.00   2.00 
  2.00   2.00   2.00   2.00   2.00   2.00   2.00   2.00 
  2.00   2.00   2.00   2.00   1.56   0.02  -1.14   2.00 
PHE GLU
  2.00  -2.29  -2.06  -0.40   2.00   2.00   1.50   2.00 
  2.00   2.00   2.00   2.00   2.00   2.00   2.00   2.00 
  2.00   2.00   1.50   2.00   1.21  -0.04  -1.04   2.00 
PHE GLN
  2.00  -2.21  -2.22   0.13   1.11   2.00   1.51   2.00 
  2.00   2.00   2.00   2.00   2.00   2.00   2.00   2.00 
  2.00   2.00   0.82   1.51   1.51   0.41  -0.93   2.00 
PHE ARG
  2.00  -2.12  -2.10   0.41   1.39   1.80   2.00   2.00 
  2.00   2.00   2.00   2.00   2.00   2.00   2.00   2.00 
  2.00   2.00   2.00   1.11   0.88  -0.40  -1.38   2.00 
PHE HIS
  2.00  -2.11  -2.15   1.86   2.00   1.86   1.17   2.00 
  2.00   2.00   2.00   2.00   2.00   2.00   2.00   2.00 
  2.00   2.00   2.00   0.76   1.17  -0.91  -1.19   2.00 
PHE PHE
  2.00  -2.39  -2.05   0.68   2.00   2.00   2.00   2.00 
  2.00   2.00   2.00   2.00   2.00   2.00   2.00   2.00 
  2.00   2.00   2.00   0.68   2.00   0.10  -1.11   2.00 
PHE TYR
  2.00  -2.35  -2.11   0.34   2.00   2.00   2.00   2.00 
  2.00   2.00   2.00   2.00   2.00   2.00   2.00   2.00 
  2.00   1.73   2.00   1.73   2.00  -0.21  -1.04   2.00 
PHE TRP
  2.00  -2.02  -2.29  -0.45   2.00   2.00   2.00   2.00 
  2.00   2.00   2.00   2.00   2.00   2.00   2.00   2.00 
  1.34   2.00   2.00   0.65   2.00  -0.27  -1.05   2.00 
TYR GLY
  2.00  -1.69  -1.27  -0.66   0.03   0.10   0.44   2.00 
  2.00   2.00   2.00   2.00   2.00   2.00   2.00   2.00 
  2.00   0.79   1.13   1.35  -0.10  -0.98  -1.73   2.00 
TYR ALA
  2.00  -2.32  -1.85  -0.52   1.05   2.00   2.00   2.00 
  2.00   2.00   2.00   2.00   2.00   2.00   2.00   2.00 
  2.00   1.56   1.97   1.56   1.05   0.09  -1.25   2.00 
TYR SER
  2.00  -2.26  -1.77  -0.34   2.00   1.31   2.00   2.00 
  2.00   2.00   2.00   2.00   2.00   2.00   2.00   2.00 
  2.00   2.00   2.00   0.62   1.31  -0.34  -1.51   2.00 
TYR CYS
  2.00  -2.10  -2.26   0.18   1.57   2.00   2.00   2.00 
  2.00   2.00   2.00   2.00   2.00   2.00   2.00   2.00 
  2.00   1.57   1.57   2.00   1.57  -0.22  -1.21   2.00 
TYR VAL
  2.00  -2.36  -2.15   0.17   2.00   2.00   2.00   2.00 
  2.00   2.00   2.00   2.00   2.00   2.00   2.00   2.00 
  2.00   2.00   2.00   2.00   1.67  -0.38  -0.73   2.00 
TYR THR
  2.00  -2.53  -1.83   0.58   2.00   2.00   2.00   2.00 
  2.00   2.00   2.00   2.00   2.00   2.00   2.00   2.00 
  2.00   2.00   2.00   2.00   1.27  -0.12  -1.07   2.00 
TYR ILE
  2.00  -2.35  -2.25   0.47   1.97   2.00   2.00   2.00 
  2.00   2.00   2.00   2.00   2.00   2.00   2.00   2.00 
  2.00   2.00   1.97   2.00   1.97  -0.38  -0.38   2.00 
TYR PRO
  2.00   0.29  -2.60  -1.69   0.98   2.00   2.00   2.00 
  2.00   2.00   2.00   2.00   2.00   2.00   2.00   2.00 
  2.00   0.06   0.29   0.29   0.98  -0.12   2.00   2.00 
TYR MET
  2.00  -2.27  -2.09   0.25   2.00   1.34   1.34   2.00 
  2.00   2.00   2.00   2.00   2.00   2.00   2.00   2.00 
  2.00   1.34   2.00   2.00   0.65  -0.27  -1.05   2.00 
TYR ASP
  2.00  -1.49  -2.51  -0.67   1.86   1.86   1.16   2.00 
  2.00   2.00   2.00   2.00   2.00   2.00   2.00   2.00 
  2.00   1.45   1.86   0.35   1.45  -0.40  -0.54   2.00 
TYR ASN
  2.00  -1.46  -2.34  -0.53   2.00  -0.02   0.10   2.00 
  2.00   2.00   2.00   2.00   2.00   2.00   2.00   2.00 
  2.00   2.00   0.39  -0.22   1.49  -0.22  -0.65   2.00 
TYR LEU
  2.00  -2.15  -2.39  -0.11   2.00   2.00   2.00   2.00 
  2.00   2.00   2.00   2.00   2.00   2.00   2.00   2.00 
  2.00   2.00   2.00   2.00   2.00   0.05  -0.61   2.00 
TYR LYS
  2.00  -2.20  -2.00  -0.42   0.34   0.34   0.68   2.00 
  2.00   2.00   2.00   2.00   2.00   2.00   2.00   2.00 
  2.00   2.00   1.19   1.60   2.00  -0.48  -0.71   2.00 
TYR GLU
  2.00  -2.29  -2.06  -0.06   0.81   0.47   2.00   2.00 
  2.00   2.00   2.00   2.00   2.00   2.00   2.00   2.00 
  2.00   2.00   1.73   2.00   0.63   0.12  -0.88   2.00 
TYR GLN
  2.00  -2.19  -2.04  -0.23   2.00   0.46   0.97   2.00 
  2.00   2.00   2.00   2.00   2.00   2.00   2.00   2.00 
  2.00   2.00   2.00   2.00   0.97  -0.01  -1.23   2.00 
TYR ARG
  2.00  -2.22  -2.16   0.30   2.00   1.11   1.81   2.00 
  2.00   2.00   2.00   2.00   2.00   2.00   2.00   2.00 
  2.00   2.00   0.89   1.11   2.00   0.10  -1.11   2.00 
TYR HIS
  2.00  -2.28  -1.93   0.87   1.57   1.57   1.57   2.00 
  2.00   2.00   2.00   2.00   2.00   2.00   2.00   2.00 
  2.00   2.00   2.00   1.57   2.00  -0.74  -1.38   2.00 
TYR PHE
  2.00  -2.32  -2.18   0.36   2.00   2.00   2.00   2.00 
  2.00   2.00   2.00   2.00   2.00   2.00   2.00   2.00 
  2.00   2.00   1.74   2.00   1.34   1.05  -1.25   2.00 
TYR TYR
  2.00  -2.24  -2.05   0.53   1.78   1.38   2.00   2.00 
  2.00   2.00   2.00   2.00   2.00   2.00   2.00   2.00 
  2.00   2.00   2.00   1.38   2.00  -0.09  -1.45   2.00 
TYR TRP
  2.00  -2.40  -2.05  -0.00   2.00   2.00   2.00   2.00 
  2.00   2.00   2.00   2.00   2.00   2.00   2.00   2.00 
  2.00   2.00   0.69   1.39   2.00  -0.22  -0.81   2.00 
TRP GLY
  2.00  -1.73  -1.13  -0.63   1.07   1.76   2.00   2.00 
  2.00   2.00   2.00   2.00   2.00   2.00   2.00   2.00 
  2.00   1.07   0.38   1.76  -0.32  -1.49  -1.76   2.00 
TRP ALA
  2.00  -2.28  -1.63   0.36   0.76   0.76   1.46   2.00 
  2.00   2.00   2.00   2.00   2.00   2.00   2.00   2.00 
  2.00   2.00   1.46   0.36   0.07  -0.49  -1.32   2.00 
TRP SER
  2.00  -2.23  -1.64  -0.68   0.52   0.52   2.00   2.00 
  2.00   2.00   2.00   2.00   2.00   2.00   2.00   2.00 
  2.00   2.00   0.52   0.23   1.62   0.23  -1.38   2.00 
TRP CYS
  2.00  -2.65  -2.02   2.00   2.00   2.00   2.00   2.00 
  2.00   2.00   2.00   2.00   2.00   2.00   2.00   2.00 
  2.00   2.00   2.00   2.00   0.81   0.12   0.12   2.00 
TRP VAL
  2.00  -2.12  -2.29  -0.08   2.00   2.00   2.00   2.00 
  2.00   2.00   2.00   2.00   2.00   2.00   2.00   2.00 
  2.00   2.00   2.00   2.00   1.42  -0.59  -0.98   2.00 
TRP THR
  2.00  -2.43  -2.01  -0.29   2.00   2.00   2.00   2.00 
  2.00   2.00   2.00   2.00   2.00   2.00   2.00   2.00 
  2.00   2.00   2.00   2.00   1.10  -0.00  -0.92   2.00 
TRP ILE
  2.00  -2.26  -2.36   0.86   2.00   2.00   2.00   2.00 
  2.00   2.00   2.00   2.00   2.00   2.00   2.00   2.00 
  2.00   2.00   2.00   2.00   0.86  -0.53  -0.24   2.00 
TRP PRO
  2.00   0.35  -2.70  -1.73   2.00   2.00   0.35   2.00 
  2.00   2.00   2.00   2.00   2.00   2.00   2.00   2.00 
  2.00  -0.34   2.00   2.00   0.35   2.00   2.00   2.00 
TRP MET
  2.00  -2.46  -1.97   2.00   2.00   2.00   0.43   2.00 
  2.00   2.00   2.00   2.00   2.00   2.00   2.00   2.00 
  2.00   2.00   2.00   2.00   2.00   0.43  -1.18   0.43 
TRP ASP
  2.00  -1.28  -2.54  -0.95   1.35   0.66   2.00   2.00 
  2.00   2.00   2.00   2.00   2.00   2.00   2.00   2.00 
  2.00   2.00   1.35   1.35   2.00   0.26  -1.13   2.00 
TRP ASN
  2.00  -1.81  -2.11  -0.75   0.75   0.75  -0.34   1.45 
  2.00   2.00   2.00   2.00   2.00   2.00   2.00   2.00 
  2.00   2.00   0.75   0.06   1.45  -0.16  -0.75   2.00 
TRP LEU
  2.00  -2.36  -2.23   0.34   2.00   2.00   2.00   2.00 
  2.00   2.00   2.00   2.00   2.00   2.00   2.00   2.00 
  2.00   1.95   1.25   2.00   1.25  -0.36  -0.25   2.00 
TRP LYS
  2.00  -2.41  -1.74  -0.39   1.56   0.86   2.00   2.00 
  2.00   2.00   2.00   2.00   2.00   2.00   2.00   2.00 
  2.00   1.56   2.00   2.00   0.86   0.46  -1.33   2.00 
TRP GLU
  2.00  -2.34  -1.92  -0.43   0.82   2.00   0.82   2.00 
  2.00   2.00   2.00   2.00   2.00   2.00   2.00   2.00 
  2.00   1.51   2.00   1.51   1.51   0.13  -1.05   2.00 
TRP GLN
  2.00  -2.18  -2.15  -0.32   2.00   2.00   0.59   2.00 
  2.00   2.00   2.00   2.00   2.00   2.00   2.00   2.00 
  2.00   2.00   2.00   1.29   1.29   0.19  -1.20   2.00 
TRP ARG
  2.00  -2.21  -2.09   0.21   1.60   0.91   1.60   2.00 
  2.00   2.00   2.00   2.00   2.00   2.00   2.00   2.00 
  2.00   2.00   1.60   2.00   2.00  -0.19  -1.34   2.00 
TRP HIS
  2.00  -2.11  -2.06  -0.63  -0.12   0.98   2.00   2.00 
  2.00   2.00   2.00   2.00   2.00   2.00   2.00   2.00 
  2.00   2.00   0.98   0.98   0.29   0.98  -0.97   2.00 
TRP PHE
  2.00  -2.40  -2.10   1.26   2.00   2.00   1.26   2.00 
  2.00   2.00   2.00   2.00   2.00   2.00   2.00   2.00 
  2.00   2.00   2.00   2.00   2.00  -0.12  -1.13   2.00 
TRP TYR
  2.00  -2.33  -1.80   1.33   2.00   2.00   1.33   2.00 
  2.00   2.00   2.00   2.00   2.00   2.00   2.00   2.00 
  1.33   2.00   2.00   1.33   1.33  -0.28  -1.56   1.33 
TRP TRP
  2.00  -2.33  -1.79  -1.23   2.00   2.00   2.00   2.00 
  2.00   2.00   2.00   2.00   2.00   2.00   2.00   2.00 
  2.00   2.00   2.00   2.00   2.00   2.00  -1.46   2.00 
