GLY
 0.000 -0.111 -0.111     0.000 -0.111 -0.111 
ALA
 0.253 -1.133  0.985     0.119 -0.763  1.312
SER
 0.121 -1.476  1.186     0.223 -1.042  1.571
CYS
-0.139 -1.265  1.619     0.019 -0.813  1.897
VAL
 0.264 -1.194  1.531     0.077 -0.631  1.854
THR
 0.075 -1.341  1.398     0.051 -0.909  1.712
ILE
 0.094 -1.416  1.836    -0.105 -0.659  2.219
PRO
-0.751 -1.643  0.467    -1.016 -1.228  0.977
MET
-0.040 -1.446  2.587     0.072 -0.810  2.883
ASP
-0.287 -1.451  1.989     0.396 -0.798  2.313
ASN
-0.402 -1.237  2.111     0.132 -0.863  2.328
LEU
-0.069 -1.247  2.292     0.002 -0.462  2.579
LYS
 0.032 -1.835  2.989     0.002 -0.882  3.405
GLU
-0.028 -1.774  2.546     0.096 -0.923  3.016
GLN
-0.095 -1.674  2.612     0.047 -0.886  2.991
ARG
-0.057 -2.522  3.639    -0.057 -1.210  3.986
HIS
-0.301 -1.405  2.801    -0.207 -0.879  3.019
PHE
 0.151 -1.256  3.161    -0.448 -0.791  3.286
TYR
 0.308 -1.387  3.492    -0.618 -0.799  3.634
TRP
 0.558 -1.694  3.433    -0.060 -0.574  3.834
