GLY  0.26  0.20 -0.13 -0.48 
ALA -0.08 -0.02  0.06 -0.03 
SER  0.36  0.12 -0.16 -0.28 
CYS -0.57 -0.11  0.35  1.01 
VAL -0.51 -0.15  0.39  0.84 
THR  0.10 -0.04 -0.02  0.08 
ILE -0.58 -0.18  0.49  1.07 
PRO  0.73  0.21 -0.25 -0.45 
MET -0.38 -0.06  0.23  0.28 
ASP  0.75  0.19 -0.23 -0.46 
ASN  0.48  0.14 -0.20 -0.27 
LEU -0.46 -0.13  0.30  0.88 
LYS  0.80  0.13 -0.25 -0.28 
GLU  0.84  0.13 -0.22 -0.40 
GLN  0.44  0.02 -0.14 -0.08 
ARG  0.35 -0.02 -0.09 -0.07 
HIS -0.02 -0.08  0.06  0.16 
PHE -0.50 -0.17  0.36  1.14 
TYR -0.27 -0.20  0.26  0.75 
TRP -0.42 -0.17  0.33  0.88 
