GLY GLY
  2.00   2.00   2.00   2.00   2.00  -1.31  -1.22   0.19 
GLY ALA
  2.00   2.00   2.00   2.00   2.00  -1.42  -1.11   0.24 
GLY SER
  2.00   2.00   2.00   2.00   2.00  -1.06  -1.40  -0.04 
GLY CYS
  2.00   2.00   2.00   2.00   2.00  -1.15  -1.33  -0.04 
GLY VAL
  2.00   2.00   2.00   2.00   2.00  -1.04  -1.39  -0.10 
GLY THR
  2.00   2.00   2.00   2.00   2.00  -1.05  -1.41   0.01 
GLY ILE
  2.00   2.00   2.00   2.00   2.00  -1.15  -1.29  -0.16 
GLY PRO
  2.00   2.00   2.00   2.00   2.00   0.11  -1.84   0.21 
GLY MET
  2.00   2.00   2.00   2.00   2.00  -1.32  -1.15  -0.05 
GLY ASP
  2.00   2.00   2.00   2.00   2.00  -1.16  -1.35   0.10 
GLY ASN
  2.00   2.00   2.00   2.00   2.00  -1.25  -1.30   0.17 
GLY LEU
  2.00   2.00   2.00   2.00   2.00  -1.37  -1.14   0.11 
GLY LYS
  2.00   2.00   2.00   2.00   2.00  -1.15  -1.39   0.28 
GLY GLU
  2.00   2.00   2.00   2.00   2.00  -1.34  -1.24   0.37 
GLY GLN
  2.00   2.00   2.00   2.00   2.00  -1.30  -1.29   0.39 
GLY ARG
  2.00   2.00   2.00   2.00   2.00  -1.14  -1.38   0.17 
GLY HIS
  2.00   2.00   2.00   2.00   2.00  -1.25  -1.30   0.21 
GLY PHE
  2.00   2.00   2.00   2.00   2.00  -1.28  -1.20  -0.01 
GLY TYR
  2.00   2.00   2.00   2.00   2.00  -1.21  -1.32   0.13 
GLY TRP
  2.00   2.00   2.00   2.00   2.00  -1.11  -1.36  -0.02 
ALA GLY
  2.00   2.00   2.00   2.00   2.00  -1.58  -0.90   0.45 
ALA ALA
  2.00   2.00   2.00   2.00   2.00  -1.77  -0.47   0.74 
ALA SER
  2.00   2.00   2.00   2.00   2.00  -1.58  -0.89   0.44 
ALA CYS
  2.00   2.00   2.00   2.00   2.00  -1.55  -0.93   0.37 
ALA VAL
  2.00   2.00   2.00   2.00   2.00  -1.51  -1.03   0.41 
ALA THR
  2.00   2.00   2.00   2.00   2.00  -1.51  -0.98   0.25 
ALA ILE
  2.00   2.00   2.00   2.00   2.00  -1.57  -0.93   0.49 
ALA PRO
  2.00   2.00   2.00   2.00   2.00  -0.34  -1.76   0.27 
ALA MET
  2.00   2.00   2.00   2.00   2.00  -1.78  -0.46   0.74 
ALA ASP
  2.00   2.00   2.00   2.00   2.00  -1.56  -0.90   0.33 
ALA ASN
  2.00   2.00   2.00   2.00   2.00  -1.64  -0.78   0.48 
ALA LEU
  2.00   2.00   2.00   2.00   2.00  -1.73  -0.69   1.08 
ALA LYS
  2.00   2.00   2.00   2.00   2.00  -1.76  -0.51   0.76 
ALA GLU
  2.00   2.00   2.00   2.00   2.00  -1.80  -0.44   1.00 
ALA GLN
  2.00   2.00   2.00   2.00   2.00  -1.79  -0.47   1.02 
ALA ARG
  2.00   2.00   2.00   2.00   2.00  -1.79  -0.45   0.96 
ALA HIS
  2.00   2.00   2.00   2.00   2.00  -1.63  -0.85   0.64 
ALA PHE
  2.00   2.00   2.00   2.00   2.00  -1.61  -0.88   0.66 
ALA TYR
  2.00   2.00   2.00   2.00   2.00  -1.64  -0.82   0.68 
ALA TRP
  2.00   2.00   2.00   2.00   2.00  -1.65  -0.75   0.50 
SER GLY
  2.00   2.00   2.00   2.00   2.00  -1.54  -0.97   0.51 
SER ALA
  2.00   2.00   2.00   2.00   2.00  -1.68  -0.67   0.47 
SER SER
  2.00   2.00   2.00   2.00   2.00  -1.45  -1.03   0.11 
SER CYS
  2.00   2.00   2.00   2.00   2.00  -1.52  -0.94   0.25 
SER VAL
  2.00   2.00   2.00   2.00   2.00  -1.47  -1.00   0.13 
SER THR
  2.00   2.00   2.00   2.00   2.00  -1.37  -1.09   0.03 
SER ILE
  2.00   2.00   2.00   2.00   2.00  -1.57  -0.85   0.21 
SER PRO
  2.00   2.00   2.00   2.00   2.00  -0.27  -1.73  -0.02 
SER MET
  2.00   2.00   2.00   2.00   2.00  -1.65  -0.73   0.44 
SER ASP
  2.00   2.00   2.00   2.00   2.00  -1.56  -0.89   0.31 
SER ASN
  2.00   2.00   2.00   2.00   2.00  -1.54  -0.90   0.21 
SER LEU
  2.00   2.00   2.00   2.00   2.00  -1.70  -0.65   0.56 
SER LYS
  2.00   2.00   2.00   2.00   2.00  -1.60  -0.88   0.50 
SER GLU
  2.00   2.00   2.00   2.00   1.99  -1.67  -0.66   0.53 
SER GLN
  2.00   2.00   2.00   2.00   2.00  -1.62  -0.81   0.47 
SER ARG
  2.00   2.00   2.00   2.00   2.00  -1.55  -0.91   0.32 
SER HIS
  2.00   2.00   2.00   2.00   2.00  -1.56  -0.90   0.33 
SER PHE
  2.00   2.00   2.00   2.00   2.00  -1.60  -0.82   0.34 
SER TYR
  2.00   2.00   2.00   2.00   2.00  -1.55  -0.91   0.30 
SER TRP
  2.00   2.00   2.00   2.00   2.00  -1.57  -0.85   0.14 
CYS GLY
  2.00   2.00   2.00   2.00   2.00  -1.40  -1.16   0.32 
CYS ALA
  2.00   2.00   2.00   2.00   2.00  -1.58  -0.92   0.55 
CYS SER
  2.00   2.00   2.00   2.00   2.00  -1.42  -1.10   0.22 
CYS CYS
  2.00   2.00   2.00   2.00   1.94  -1.17  -1.28  -0.04 
CYS VAL
  2.00   2.00   2.00   2.00   2.00  -1.15  -1.39   0.24 
CYS THR
  2.00   2.00   2.00   2.00   2.00  -1.47  -0.99   0.08 
CYS ILE
  2.00   2.00   2.00   2.00   2.00  -1.28  -1.28   0.27 
CYS PRO
  2.00   2.00   2.00   2.00   2.00  -0.39  -1.73   0.17 
CYS MET
  2.00   2.00   2.00   2.00   2.00  -1.40  -1.24   0.81 
CYS ASP
  2.00   2.00   2.00   2.00   2.00  -1.44  -1.05   0.17 
CYS ASN
  2.00   2.00   2.00   2.00   2.00  -1.55  -0.90   0.27 
CYS LEU
  2.00   2.00   2.00   2.00   2.00  -1.52  -1.06   0.66 
CYS LYS
  2.00   2.00   2.00   2.00   2.00  -1.57  -0.95   0.55 
CYS GLU
  2.00   2.00   2.00   2.00   2.00  -1.60  -0.85   0.46 
CYS GLN
  2.00   2.00   2.00   2.00   2.00  -1.60  -1.00   1.17 
CYS ARG
  2.00   2.00   2.00   2.00   2.00  -1.47  -1.14   0.75 
CYS HIS
  2.00   2.00   2.00   2.00   2.00  -1.50  -1.02   0.31 
CYS PHE
  2.00   2.00   2.00   2.00   2.00  -1.30  -1.26   0.29 
CYS TYR
  2.00   2.00   2.00   2.00   2.00  -1.37  -1.15   0.18 
CYS TRP
  2.00   2.00   2.00   2.00   2.00  -1.28  -1.22   0.08 
VAL GLY
  2.00   2.00   2.00   2.00   2.00  -1.30  -1.26   0.25 
VAL ALA
  2.00   2.00   2.00   2.00   2.00  -1.50  -1.05   0.47 
VAL SER
  2.00   2.00   2.00   2.00   2.00  -1.39  -1.15   0.21 
VAL CYS
  2.00   2.00   2.00   2.00   2.00  -1.03  -1.46   0.17 
VAL VAL
  2.00   2.00   2.00   2.00   2.00  -0.75  -1.65   0.40 
VAL THR
  2.00   2.00   2.00   2.00   2.00  -1.16  -1.38   0.21 
VAL ILE
  2.00   2.00   2.00   2.00   2.00  -0.83  -1.62   0.44 
VAL PRO
  2.00   2.00   2.00   2.00   2.00  -0.31  -1.76   0.19 
VAL MET
  2.00   2.00   2.00   2.00   2.00  -1.37  -1.22   0.41 
VAL ASP
  2.00   2.00   2.00   2.00   2.00  -1.35  -1.16   0.10 
VAL ASN
  2.00   2.00   2.00   2.00   2.00  -1.36  -1.19   0.21 
VAL LEU
  2.00   2.00   2.00   2.00   2.00  -1.15  -1.46   0.67 
VAL LYS
  2.00   2.00   2.00   2.00   2.00  -1.54  -0.97   0.41 
VAL GLU
  2.00   2.00   2.00   2.00   2.00  -1.55  -0.95   0.43 
VAL GLN
  2.00   2.00   2.00   2.00   2.00  -1.56  -0.94   0.50 
VAL ARG
  2.00   2.00   2.00   2.00   2.00  -1.53  -0.98   0.36 
VAL HIS
  2.00   2.00   2.00   2.00   2.00  -1.38  -1.19   0.39 
VAL PHE
  2.00   2.00   2.00   2.00   2.00  -0.96  -1.49   0.04 
VAL TYR
  2.00   2.00   2.00   2.00   2.00  -1.09  -1.41   0.11 
VAL TRP
  2.00   2.00   2.00   2.00   2.00  -1.31  -1.19   0.02 
THR GLY
  2.00   2.00   2.00   2.00   2.00  -1.35  -1.21   0.33 
THR ALA
  2.00   2.00   2.00   2.00   2.00  -1.57  -0.90   0.46 
THR SER
  2.00   2.00   2.00   2.00   2.00  -1.26  -1.25   0.04 
THR CYS
  2.00   2.00   2.00   2.00   2.00  -1.43  -0.97  -0.08 
THR VAL
  2.00   2.00   2.00   2.00   2.00  -1.23  -1.30   0.16 
THR THR
  2.00   2.00   2.00   2.00   2.00  -1.14  -1.35   0.03 
THR ILE
  2.00   2.00   2.00   2.00   2.00  -1.28  -1.25   0.12 
THR PRO
  2.00   2.00   2.00   2.00   2.00  -0.27  -1.76   0.15 
THR MET
  2.00   2.00   2.00   2.00   2.00  -1.56  -0.94   0.51 
THR ASP
  2.00   2.00   2.00   2.00   2.00  -1.48  -0.98   0.16 
THR ASN
  2.00   2.00   2.00   2.00   2.00  -1.41  -1.13   0.31 
THR LEU
  2.00   2.00   2.00   2.00   2.00  -1.54  -0.99   0.55 
THR LYS
  2.00   2.00   2.00   2.00   2.00  -1.49  -1.06   0.48 
THR GLU
  2.00   2.00   2.00   2.00   2.00  -1.63  -0.82   0.52 
THR GLN
  2.00   2.00   2.00   2.00   2.00  -1.54  -0.97   0.44 
THR ARG
  2.00   2.00   2.00   2.00   2.00  -1.48  -1.06   0.41 
THR HIS
  2.00   2.00   2.00   2.00   2.00  -1.43  -1.15   0.45 
THR PHE
  2.00   2.00   2.00   2.00   2.00  -1.41  -1.13   0.24 
THR TYR
  2.00   2.00   2.00   2.00   2.00  -1.28  -1.28   0.23 
THR TRP
  2.00   2.00   2.00   2.00   2.00  -1.31  -1.19   0.00 
ILE GLY
  2.00   2.00   2.00   2.00   2.00  -1.31  -1.25   0.29 
ILE ALA
  2.00   2.00   2.00   2.00   2.00  -1.54  -0.99   0.51 
ILE SER
  2.00   2.00   2.00   2.00   2.00  -1.47  -1.06   0.28 
ILE CYS
  2.00   2.00   2.00   2.00   2.00  -0.97  -1.45  -0.05 
ILE VAL
  2.00   2.00   2.00   2.00   2.00  -0.83  -1.65   0.66 
ILE THR
  2.00   2.00   2.00   2.00   2.00  -1.28  -1.27   0.23 
ILE ILE
  2.00   2.00   2.00   2.00   2.00  -0.92  -1.58   0.45 
ILE PRO
  2.00   2.00   2.00   2.00   2.00  -0.42  -1.72   0.12 
ILE MET
  2.00   2.00   2.00   2.00   2.00  -1.30  -1.24   0.21 
ILE ASP
  2.00   2.00   2.00   2.00   2.00  -1.51  -0.98   0.29 
ILE ASN
  2.00   2.00   2.00   2.00   2.00  -1.44  -1.09   0.32 
ILE LEU
  2.00   2.00   2.00   2.00   2.00  -1.25  -1.40   0.79 
ILE LYS
  2.00   2.00   2.00   2.00   2.00  -1.59  -0.91   0.50 
ILE GLU
  2.00   2.00   2.00   2.00   2.00  -1.61  -0.88   0.54 
ILE GLN
  2.00   2.00   2.00   2.00   2.00  -1.65  -0.78   0.62 
ILE ARG
  2.00   2.00   2.00   2.00   2.00  -1.55  -0.95   0.38 
ILE HIS
  2.00   2.00   2.00   2.00   2.00  -1.44  -1.11   0.32 
ILE PHE
  2.00   2.00   2.00   2.00   2.00  -1.11  -1.45   0.32 
ILE TYR
  2.00   2.00   2.00   2.00   2.00  -1.26  -1.32   0.36 
ILE TRP
  2.00   2.00   2.00   2.00   2.00  -1.24  -1.25  -0.04 
PRO GLY
  2.00   2.00   2.00   2.00   2.00  -1.39  -1.20   0.52 
PRO ALA
  2.00   2.00   2.00   2.00   2.00  -1.58  -0.93   0.56 
PRO SER
  2.00   2.00   2.00   2.00   2.00  -1.52  -0.99   0.41 
PRO CYS
  2.00   2.00   2.00   2.00   2.00  -1.38  -1.10   0.02 
PRO VAL
  2.00   2.00   2.00   2.00   2.00  -1.47  -1.08   0.37 
PRO THR
  2.00   2.00   2.00   2.00   2.00  -1.41  -1.12   0.28 
PRO ILE
  2.00   2.00   2.00   2.00   2.00  -1.41  -1.14   0.28 
PRO PRO
  2.00   2.00   2.00   2.00   2.00  -0.05  -1.82   0.24 
PRO MET
  2.00   2.00   2.00   2.00   2.00  -1.56  -0.88   0.26 
PRO ASP
  2.00   2.00   2.00   2.00   2.00  -1.61  -0.81   0.37 
PRO ASN
  2.00   2.00   2.00   2.00   2.00  -1.54  -0.96   0.43 
PRO LEU
  2.00   2.00   2.00   2.00   2.00  -1.57  -0.95   0.57 
PRO LYS
  2.00   2.00   2.00   2.00   2.00  -1.45  -1.11   0.37 
PRO GLU
  2.00   2.00   2.00   2.00   2.00  -1.62  -0.82   0.53 
PRO GLN
  2.00   2.00   2.00   2.00   2.00  -1.58  -0.95   0.60 
PRO ARG
  2.00   2.00   2.00   2.00   2.00  -1.39  -1.17   0.37 
PRO HIS
  2.00   2.00   2.00   2.00   2.00  -1.60  -0.92   0.67 
PRO PHE
  2.00   2.00   2.00   2.00   2.00  -1.55  -1.01   0.75 
PRO TYR
  2.00   2.00   2.00   2.00   2.00  -1.56  -0.92   0.37 
PRO TRP
  2.00   2.00   2.00   2.00   2.00  -1.61  -0.75   0.25 
MET GLY
  2.00   2.00   2.00   2.00   2.00  -1.45  -1.12   0.55 
MET ALA
  2.00   2.00   2.00   2.00   2.00  -1.65  -0.82   0.71 
MET SER
  2.00   2.00   2.00   2.00   2.00  -1.52  -0.99   0.35 
MET CYS
  2.00   2.00   2.00   2.00   2.00  -1.27  -1.27   0.23 
MET VAL
  2.00   2.00   2.00   2.00   2.00  -1.24  -1.37   0.57 
MET THR
  2.00   2.00   2.00   2.00   2.00  -1.42  -1.15   0.35 
MET ILE
  2.00   2.00   2.00   2.00   2.00  -1.22  -1.36   0.33 
MET PRO
  2.00   2.00   2.00   2.00   2.00  -0.42  -1.72   0.17 
MET MET
  2.00   2.00   2.00   2.00   2.00  -1.62  -0.88   0.81 
MET ASP
  2.00   2.00   2.00   2.00   2.00  -1.58  -0.88   0.47 
MET ASN
  2.00   2.00   2.00   2.00   2.00  -1.53  -1.01   0.51 
MET LEU
  2.00   2.00   2.00   2.00   2.00  -1.54  -1.02   0.63 
MET LYS
  2.00   2.00   2.00   2.00   2.00  -1.62  -0.87   0.68 
MET GLU
  2.00   2.00   2.00   2.00   2.00  -1.70  -0.68   0.68 
MET GLN
  2.00   2.00   2.00   2.00   2.00  -1.73  -0.68   1.18 
MET ARG
  2.00   2.00   2.00   2.00   2.00  -1.69  -0.72   0.69 
MET HIS
  2.00   2.00   2.00   2.00   2.00  -1.53  -1.03   0.62 
MET PHE
  2.00   2.00   2.00   2.00   2.00  -1.30  -1.28   0.35 
MET TYR
  2.00   2.00   2.00   2.00   2.00  -1.36  -1.18   0.21 
MET TRP
  2.00   2.00   2.00   2.00   2.00  -1.36  -1.11  -0.07 
ASP GLY
  2.00   2.00   2.00   2.00   2.00  -1.69  -0.73   0.80 
ASP ALA
  2.00   2.00   2.00   2.00   2.00  -1.80  -0.35   0.75 
ASP SER
  2.00   2.00   2.00   2.00   2.00  -1.75  -0.53   0.73 
ASP CYS
  2.00   2.00   2.00   2.00   2.00  -1.65  -0.74   0.43 
ASP VAL
  2.00   2.00   2.00   2.00   2.00  -1.53  -0.92   0.14 
ASP THR
  2.00   2.00   2.00   2.00   2.00  -1.60  -0.86   0.44 
ASP ILE
  2.00   2.00   2.00   2.00   2.00  -1.59  -0.79   0.15 
ASP PRO
  2.00   2.00   2.00   2.00   2.00  -0.24  -1.78   0.24 
ASP MET
  2.00   2.00   2.00   2.00   2.00  -1.74  -0.44   0.35 
ASP ASP
  2.00   2.00   2.00   2.00   2.00  -1.61  -0.87   0.55 
ASP ASN
  2.00   2.00   2.00   2.00   2.00  -1.73  -0.62   0.89 
ASP LEU
  2.00   2.00   2.00   2.00   2.00  -1.76  -0.50   0.70 
ASP LYS
  2.00   2.00   2.00   2.00   2.00  -1.69  -0.74   0.95 
ASP GLU
  2.00   2.00   2.00   2.00   2.00  -1.69  -0.67   0.49 
ASP GLN
  2.00   2.00   2.00   2.00   2.00  -1.74  -0.62   0.87 
ASP ARG
  2.00   2.00   2.00   2.00   2.00  -1.75  -0.60   0.91 
ASP HIS
  2.00   2.00   2.00   2.00   2.00  -1.59  -0.88   0.54 
ASP PHE
  2.00   2.00   2.00   2.00   2.00  -1.68  -0.70   0.55 
ASP TYR
  2.00   2.00   2.00   2.00   2.00  -1.59  -0.90   0.60 
ASP TRP
  2.00   2.00   2.00   2.00   2.00  -1.60  -0.70   0.11 
ASN GLY
  2.00   2.00   2.00   2.00   2.00  -1.56  -1.00   0.79 
ASN ALA
  2.00   2.00   2.00   2.00   2.00  -1.67  -0.71   0.56 
ASN SER
  2.00   2.00   2.00   2.00   2.00  -1.39  -1.16   0.27 
ASN CYS
  2.00   2.00   2.00   2.00   2.00  -1.49  -0.98   0.28 
ASN VAL
  2.00   2.00   2.00   2.00   2.00  -1.43  -1.08   0.17 
ASN THR
  2.00   2.00   2.00   2.00   2.00  -1.33  -1.21   0.21 
ASN ILE
  2.00   2.00   2.00   2.00   2.00  -1.58  -0.89   0.37 
ASN PRO
  2.00   2.00   2.00   2.00   2.00  -0.14  -1.79   0.21 
ASN MET
  2.00   2.00   2.00   2.00   2.00  -1.65  -0.84   0.83 
ASN ASP
  2.00   2.00   2.00   2.00   2.00  -1.57  -0.91   0.41 
ASN ASN
  2.00   2.00   2.00   2.00   2.00  -1.56  -0.99   0.70 
ASN LEU
  2.00   2.00   2.00   2.00   2.00  -1.72  -0.65   0.81 
ASN LYS
  2.00   2.00   2.00   2.00   2.00  -1.58  -0.94   0.63 
ASN GLU
  2.00   2.00   2.00   2.00   2.00  -1.65  -0.81   0.70 
ASN GLN
  2.00   2.00   2.00   2.00   2.00  -1.57  -0.95   0.68 
ASN ARG
  2.00   2.00   2.00   2.00   2.00  -1.58  -0.93   0.58 
ASN HIS
  2.00   2.00   2.00   2.00   2.00  -1.50  -1.02   0.37 
ASN PHE
  2.00   2.00   2.00   2.00   2.00  -1.56  -0.94   0.49 
ASN TYR
  2.00   2.00   2.00   2.00   2.00  -1.50  -1.02   0.37 
ASN TRP
  2.00   2.00   2.00   2.00   2.00  -1.50  -0.98   0.20 
LEU GLY
  2.00   2.00   2.00   2.00   2.00  -1.40  -1.17   0.39 
LEU ALA
  2.00   2.00   2.00   2.00   2.00  -1.68  -0.72   0.67 
LEU SER
  2.00   2.00   2.00   2.00   2.00  -1.59  -0.90   0.50 
LEU CYS
  2.00   2.00   2.00   2.00   2.00  -1.27  -1.27   0.19 
LEU VAL
  2.00   2.00   2.00   2.00   2.00  -1.24  -1.37   0.53 
LEU THR
  2.00   2.00   2.00   2.00   2.00  -1.51  -1.00   0.31 
LEU ILE
  2.00   2.00   2.00   2.00   2.00  -1.31  -1.29   0.49 
LEU PRO
  2.00   2.00   2.00   2.00   2.00  -0.60  -1.69   0.29 
LEU MET
  2.00   2.00   2.00   2.00   2.00  -1.62  -0.91   0.80 
LEU ASP
  2.00   2.00   2.00   2.00   2.00  -1.57  -0.93   0.44 
LEU ASN
  2.00   2.00   2.00   2.00   2.00  -1.62  -0.83   0.50 
LEU LEU
  2.00   2.00   2.00   2.00   2.00  -1.51  -1.09   0.83 
LEU LYS
  2.00   2.00   2.00   2.00   2.00  -1.71  -0.68   0.79 
LEU GLU
  2.00   2.00   2.00   2.00   2.00  -1.72  -0.67   0.94 
LEU GLN
  2.00   2.00   2.00   2.00   2.00  -1.76  -0.58   1.07 
LEU ARG
  2.00   2.00   2.00   2.00   2.00  -1.73  -0.67   0.95 
LEU HIS
  2.00   2.00   2.00   2.00   2.00  -1.61  -0.83   0.38 
LEU PHE
  2.00   2.00   2.00   2.00   2.00  -1.33  -1.25   0.31 
LEU TYR
  2.00   2.00   2.00   2.00   2.00  -1.45  -1.13   0.50 
LEU TRP
  2.00   2.00   2.00   2.00   2.00  -1.50  -1.00   0.25 
LYS GLY
  2.00   2.00   2.00   2.00   2.00  -1.52  -1.10   0.94 
LYS ALA
  2.00   2.00   2.00   2.00   2.00  -1.68  -0.75   0.70 
LYS SER
  2.00   2.00   2.00   2.00   2.00  -1.36  -1.22   0.38 
LYS CYS
  2.00   2.00   2.00   2.00   2.00  -1.48  -0.99   0.16 
LYS VAL
  2.00   2.00   2.00   2.00   2.00  -1.39  -1.21   0.49 
LYS THR
  2.00   2.00   2.00   2.00   2.00  -1.24  -1.29   0.12 
LYS ILE
  2.00   2.00   2.00   2.00   2.00  -1.49  -1.06   0.43 
LYS PRO
  2.00   2.00   2.00   2.00   2.00   0.03  -1.84   0.36 
LYS MET
  2.00   2.00   2.00   2.00   2.00  -1.68  -0.76   0.78 
LYS ASP
  2.00   2.00   2.00   2.00   2.00  -1.38  -1.14   0.16 
LYS ASN
  2.00   2.00   2.00   2.00   2.00  -1.47  -1.06   0.41 
LYS LEU
  2.00   2.00   2.00   2.00   2.00  -1.69  -0.78   1.00 
LYS LYS
  2.00   2.00   2.00   2.00   2.00  -1.53  -1.00   0.51 
LYS GLU
  2.00   2.00   2.00   2.00   2.00  -1.55  -0.93   0.39 
LYS GLN
  2.00   2.00   2.00   2.00   2.00  -1.57  -0.98   0.83 
LYS ARG
  2.00   2.00   2.00   2.00   2.00  -1.55  -0.94   0.42 
LYS HIS
  2.00   2.00   2.00   2.00   2.00  -1.48  -1.10   0.54 
LYS PHE
  2.00   2.00   2.00   2.00   2.00  -1.56  -0.94   0.51 
LYS TYR
  2.00   2.00   2.00   2.00   2.00  -1.46  -1.14   0.65 
LYS TRP
  2.00   2.00   2.00   2.00   2.00  -1.48  -1.06   0.38 
GLU GLY
  2.00   2.00   2.00   2.00   2.00  -1.63  -0.90   0.97 
GLU ALA
  2.00   2.00   2.00   2.00   2.00  -1.81  -0.40   1.03 
GLU SER
  2.00   2.00   2.00   2.00   2.00  -1.51  -0.97   0.23 
GLU CYS
  2.00   2.00   2.00   2.00   2.00  -1.62  -0.90   0.93 
GLU VAL
  2.00   2.00   2.00   2.00   2.00  -1.60  -0.93   0.74 
GLU THR
  2.00   2.00   2.00   2.00   2.00  -1.44  -1.06   0.11 
GLU ILE
  2.00   2.00   2.00   2.00   2.00  -1.67  -0.79   0.73 
GLU PRO
  2.00   2.00   2.00   2.00   2.00  -0.23  -1.77   0.16 
GLU MET
  2.00   2.00   2.00   2.00   2.00  -1.81  -0.41   1.11 
GLU ASP
  2.00   2.00   2.00   2.00   2.00  -1.45  -1.06   0.23 
GLU ASN
  2.00   2.00   2.00   2.00   2.00  -1.57  -0.97   0.71 
GLU LEU
  2.00   2.00   2.00   2.00   2.00  -1.81  -0.44   1.23 
GLU LYS
  2.00   2.00   2.00   2.00   2.00  -1.59  -0.94   0.73 
GLU GLU
  2.00   2.00   2.00   2.00   2.00  -1.64  -0.76   0.46 
GLU GLN
  2.00   2.00   2.00   2.00   2.00  -1.65  -0.82   0.81 
GLU ARG
  2.00   2.00   2.00   2.00   2.00  -1.67  -0.80   0.92 
GLU HIS
  2.00   2.00   2.00   2.00   2.00  -1.56  -1.01   0.80 
GLU PHE
  2.00   2.00   2.00   2.00   2.00  -1.71  -0.69   0.80 
GLU TYR
  2.00   2.00   2.00   2.00   2.00  -1.62  -0.83   0.53 
GLU TRP
  2.00   2.00   2.00   2.00   2.00  -1.68  -0.67   0.43 
GLN GLY
  2.00   2.00   2.00   2.00   2.00  -1.53  -1.05   0.77 
GLN ALA
  2.00   2.00   2.00   2.00   2.00  -1.73  -0.60   0.72 
GLN SER
  2.00   2.00   2.00   2.00   2.00  -1.42  -1.06   0.08 
GLN CYS
  2.00   2.00   2.00   2.00   2.00  -1.48  -1.08   0.47 
GLN VAL
  2.00   2.00   2.00   2.00   2.00  -1.51  -1.05   0.51 
GLN THR
  2.00   2.00   2.00   2.00   2.00  -1.35  -1.26   0.50 
GLN ILE
  2.00   2.00   2.00   2.00   2.00  -1.62  -0.85   0.62 
GLN PRO
  2.00   2.00   2.00   2.00   2.00  -0.01  -1.82   0.24 
GLN MET
  2.00   2.00   2.00   2.00   2.00  -1.74  -0.67   1.17 
GLN ASP
  2.00   2.00   2.00   2.00   2.00  -1.42  -1.12   0.30 
GLN ASN
  2.00   2.00   2.00   2.00   2.00  -1.49  -1.05   0.48 
GLN LEU
  2.00   2.00   2.00   2.00   2.00  -1.74  -0.66   1.11 
GLN LYS
  2.00   2.00   2.00   2.00   2.00  -1.59  -0.90   0.59 
GLN GLU
  2.00   2.00   2.00   2.00   2.00  -1.59  -0.92   0.68 
GLN GLN
  2.00   2.00   2.00   2.00   2.00  -1.64  -0.84   0.71 
GLN ARG
  2.00   2.00   2.00   2.00   2.00  -1.58  -0.93   0.52 
GLN HIS
  2.00   2.00   2.00   2.00   2.00  -1.56  -1.05   1.10 
GLN PHE
  2.00   2.00   2.00   2.00   2.00  -1.51  -1.06   0.55 
GLN TYR
  2.00   2.00   2.00   2.00   2.00  -1.54  -1.05   0.72 
GLN TRP
  2.00   2.00   2.00   2.00   2.00  -1.49  -1.06   0.51 
ARG GLY
  2.00   2.00   2.00   2.00   2.00  -1.44  -1.18   0.74 
ARG ALA
  2.00   2.00   2.00   2.00   2.00  -1.65  -0.80   0.69 
ARG SER
  2.00   2.00   2.00   2.00   2.00  -1.37  -1.17   0.23 
ARG CYS
  2.00   2.00   2.00   2.00   2.00  -1.49  -0.99   0.18 
ARG VAL
  2.00   2.00   2.00   2.00   2.00  -1.37  -1.22   0.40 
ARG THR
  2.00   2.00   2.00   2.00   2.00  -1.32  -1.19   0.08 
ARG ILE
  2.00   2.00   2.00   2.00   2.00  -1.47  -1.06   0.34 
ARG PRO
  2.00   2.00   2.00   2.00   2.00  -0.04  -1.79   0.07 
ARG MET
  2.00   2.00   2.00   2.00   2.00  -1.70  -0.75   0.98 
ARG ASP
  2.00   2.00   2.00   2.00   2.00  -1.44  -1.12   0.38 
ARG ASN
  2.00   2.00   2.00   2.00   2.00  -1.51  -1.06   0.55 
ARG LEU
  2.00   2.00   2.00   2.00   2.00  -1.68  -0.78   0.92 
ARG LYS
  2.00   2.00   2.00   2.00   2.00  -1.55  -0.96   0.46 
ARG GLU
  2.00   2.00   2.00   2.00   2.00  -1.61  -0.90   0.68 
ARG GLN
  2.00   2.00   2.00   2.00   2.00  -1.62  -0.85   0.61 
ARG ARG
  2.00   2.00   2.00   2.00   2.00  -1.57  -0.92   0.45 
ARG HIS
  2.00   2.00   2.00   2.00   2.00  -1.49  -1.07   0.52 
ARG PHE
  2.00   2.00   2.00   2.00   2.00  -1.51  -1.05   0.52 
ARG TYR
  2.00   2.00   2.00   2.00   2.00  -1.49  -1.08   0.55 
ARG TRP
  2.00   2.00   2.00   2.00   2.00  -1.54  -0.91   0.23 
HIS GLY
  2.00   2.00   2.00   2.00   2.00  -1.40  -1.19   0.58 
HIS ALA
  2.00   2.00   2.00   2.00   2.00  -1.63  -0.83   0.72 
HIS SER
  2.00   2.00   2.00   2.00   2.00  -1.31  -1.28   0.44 
HIS CYS
  2.00   2.00   2.00   2.00   2.00  -1.45  -1.00  -0.01 
HIS VAL
  2.00   2.00   2.00   2.00   2.00  -1.32  -1.23   0.20 
HIS THR
  2.00   2.00   2.00   2.00   2.00  -1.33  -1.13  -0.10 
HIS ILE
  2.00   2.00   2.00   2.00   2.00  -1.45  -1.09   0.30 
HIS PRO
  2.00   2.00   2.00   2.00   2.00  -0.34  -1.74   0.10 
HIS MET
  2.00   2.00   2.00   2.00   2.00  -1.58  -0.95   0.64 
HIS ASP
  2.00   2.00   2.00   2.00   2.00  -1.49  -1.05   0.43 
HIS ASN
  2.00   2.00   2.00   2.00   2.00  -1.47  -1.11   0.52 
HIS LEU
  2.00   2.00   2.00   2.00   2.00  -1.58  -0.93   0.58 
HIS LYS
  2.00   2.00   2.00   2.00   2.00  -1.55  -1.03   0.78 
HIS GLU
  2.00   2.00   2.00   2.00   2.00  -1.50  -1.02   0.31 
HIS GLN
  2.00   2.00   2.00   2.00   2.00  -1.60  -0.91   0.68 
HIS ARG
  2.00   2.00   2.00   2.00   2.00  -1.57  -0.91   0.45 
HIS HIS
  2.00   2.00   2.00   2.00   2.00  -1.37  -1.18   0.30 
HIS PHE
  2.00   2.00   2.00   2.00   2.00  -1.41  -1.14   0.35 
HIS TYR
  2.00   2.00   2.00   2.00   2.00  -1.36  -1.26   0.67 
HIS TRP
  2.00   2.00   2.00   2.00   2.00  -1.51  -1.03   0.46 
PHE GLY
  2.00   2.00   2.00   2.00   2.00  -1.38  -1.20   0.39 
PHE ALA
  2.00   2.00   2.00   2.00   2.00  -1.51  -1.03   0.45 
PHE SER
  2.00   2.00   2.00   2.00   2.00  -1.47  -1.10   0.50 
PHE CYS
  2.00   2.00   2.00   2.00   2.00  -0.97  -1.42  -0.19 
PHE VAL
  2.00   2.00   2.00   2.00   2.00  -1.05  -1.46   0.19 
PHE THR
  2.00   2.00   2.00   2.00   2.00  -1.35  -1.16   0.11 
PHE ILE
  2.00   2.00   2.00   2.00   2.00  -1.09  -1.37  -0.06 
PHE PRO
  2.00   2.00   2.00   2.00   2.00  -0.27  -1.79   0.39 
PHE MET
  2.00   2.00   2.00   2.00   2.00  -1.41  -1.17   0.45 
PHE ASP
  2.00   2.00   2.00   2.00   2.00  -1.51  -0.97   0.20 
PHE ASN
  2.00   2.00   2.00   2.00   2.00  -1.49  -1.05   0.43 
PHE LEU
  2.00   2.00   2.00   2.00   2.00  -1.26  -1.32   0.35 
PHE LYS
  2.00   2.00   2.00   2.00   2.00  -1.63  -0.84   0.68 
PHE GLU
  2.00   2.00   2.00   2.00   2.00  -1.60  -0.90   0.68 
PHE GLN
  2.00   2.00   2.00   2.00   2.00  -1.64  -0.81   0.63 
PHE ARG
  2.00   2.00   2.00   2.00   2.00  -1.61  -0.86   0.49 
PHE HIS
  2.00   2.00   2.00   2.00   1.98  -1.47  -1.04   0.40 
PHE PHE
  2.00   2.00   2.00   2.00   2.00  -1.16  -1.38   0.28 
PHE TYR
  2.00   2.00   2.00   2.00   2.00  -1.21  -1.28  -0.01 
PHE TRP
  2.00   2.00   2.00   2.00   2.00  -1.11  -1.35  -0.03 
TYR GLY
  2.00   2.00   2.00   2.00   2.00  -1.40  -1.16   0.33 
TYR ALA
  2.00   2.00   2.00   2.00   2.00  -1.53  -1.01   0.52 
TYR SER
  2.00   2.00   2.00   2.00   2.00  -1.38  -1.17   0.30 
TYR CYS
  2.00   2.00   2.00   2.00   2.00  -0.88  -1.46  -0.20 
TYR VAL
  2.00   2.00   2.00   2.00   2.00  -1.20  -1.37   0.35 
TYR THR
  2.00   2.00   2.00   2.00   2.00  -1.34  -1.16   0.03 
TYR ILE
  2.00   2.00   2.00   2.00   2.00  -1.15  -1.35   0.03 
TYR PRO
  2.00   2.00   2.00   2.00   2.00  -0.19  -1.80   0.33 
TYR MET
  2.00   2.00   2.00   2.00   2.00  -1.49  -1.08   0.61 
TYR ASP
  2.00   2.00   2.00   2.00   2.00  -1.45  -1.11   0.44 
TYR ASN
  2.00   2.00   2.00   2.00   2.00  -1.45  -1.12   0.50 
TYR LEU
  2.00   2.00   2.00   2.00   2.00  -1.38  -1.21   0.53 
TYR LYS
  2.00   2.00   2.00   2.00   2.00  -1.57  -0.92   0.45 
TYR GLU
  2.00   2.00   2.00   2.00   2.00  -1.54  -0.94   0.32 
TYR GLN
  2.00   2.00   2.00   2.00   2.00  -1.60  -0.89   0.56 
TYR ARG
  2.00   2.00   2.00   2.00   2.00  -1.54  -0.98   0.41 
TYR HIS
  2.00   2.00   2.00   2.00   2.00  -1.46  -1.09   0.40 
TYR PHE
  2.00   2.00   2.00   2.00   2.00  -1.17  -1.38   0.28 
TYR TYR
  2.00   2.00   2.00   2.00   2.00  -1.25  -1.28   0.19 
TYR TRP
  2.00   2.00   2.00   2.00   2.00  -1.38  -1.12   0.09 
TRP GLY
  2.00   2.00   2.00   2.00   2.00  -1.37  -1.19   0.35 
TRP ALA
  2.00   2.00   2.00   2.00   2.00  -1.59  -0.83   0.31 
TRP SER
  2.00   2.00   2.00   2.00   2.00  -1.50  -0.94   0.10 
TRP CYS
  2.00   2.00   2.00   2.00   2.00  -1.25  -1.28   0.16 
TRP VAL
  2.00   2.00   2.00   2.00   2.00  -1.31  -1.29   0.41 
TRP THR
  2.00   2.00   2.00   2.00   2.00  -1.49  -0.99   0.17 
TRP ILE
  2.00   2.00   2.00   2.00   2.00  -1.34  -1.22   0.23 
TRP PRO
  2.00   2.00   2.00   2.00   2.00  -0.49  -1.69   0.06 
TRP MET
  2.00   2.00   2.00   2.00   1.70  -1.41  -1.21   1.00 
TRP ASP
  2.00   2.00   2.00   2.00   2.00  -1.43  -1.11   0.28 
TRP ASN
  2.00   2.00   2.00   2.00   2.00  -1.55  -0.86   0.17 
TRP LEU
  2.00   2.00   2.00   2.00   2.00  -1.56  -0.99   0.65 
TRP LYS
  2.00   2.00   2.00   2.00   2.00  -1.62  -0.83   0.52 
TRP GLU
  2.00   2.00   2.00   2.00   2.00  -1.55  -0.87   0.20 
TRP GLN
  2.00   2.00   2.00   2.00   2.00  -1.72  -0.71   0.97 
TRP ARG
  2.00   2.00   2.00   2.00   2.00  -1.53  -0.90   0.18 
TRP HIS
  2.00   2.00   2.00   2.00   2.00  -1.43  -1.11   0.29 
TRP PHE
  2.00   2.00   2.00   2.00   2.00  -1.24  -1.27   0.11 
TRP TYR
  2.00   2.00   2.00   2.00   2.00  -1.31  -1.10  -0.15 
TRP TRP
  2.00   2.00   2.00   2.00   2.00  -1.22  -1.01  -0.63 
