GLY GLY
  2.00   2.00   2.00   2.00   2.00  -0.73  -1.43  -0.54 
GLY ALA
  2.00   2.00   2.00   2.00   2.00  -0.29  -1.52  -0.74 
GLY SER
  2.00   2.00   2.00   2.00   2.00  -0.28  -1.52  -0.71 
GLY CYS
  2.00   2.00   2.00   2.00   2.00   1.05  -1.79  -0.49 
GLY VAL
  2.00   2.00   2.00   2.00   2.00   0.21  -1.64  -0.69 
GLY THR
  2.00   2.00   2.00   2.00   2.00  -0.54  -1.43  -0.70 
GLY ILE
  2.00   2.00   2.00   2.00   2.00   0.49  -1.64  -0.80 
GLY PRO
  2.00   2.00   2.00   2.00   2.00   0.08  -1.77  -0.18 
GLY MET
  2.00   2.00   2.00   2.00   2.00  -0.17  -1.51  -0.82 
GLY ASP
  2.00   2.00   2.00   2.00   2.00  -0.78  -1.46  -0.41 
GLY ASN
  2.00   2.00   2.00   2.00   2.00  -0.57  -1.49  -0.57 
GLY LEU
  2.00   2.00   2.00   2.00   2.00   0.11  -1.61  -0.73 
GLY LYS
  2.00   2.00   2.00   2.00   2.00  -0.72  -1.51  -0.33 
GLY GLU
  2.00   2.00   2.00   2.00   2.00  -0.99  -1.37  -0.31 
GLY GLN
  2.00   2.00   2.00   2.00   2.00  -0.56  -1.59  -0.26 
GLY ARG
  2.00   2.00   2.00   2.00   2.00  -0.12  -1.56  -0.73 
GLY HIS
  2.00   2.00   2.00   2.00   2.00  -0.45  -1.51  -0.63 
GLY PHE
  2.00   2.00   2.00   2.00   2.00  -0.06  -1.60  -0.66 
GLY TYR
  2.00   2.00   2.00   2.00   2.00   0.05  -1.72  -0.36 
GLY TRP
  2.00   2.00   2.00   2.00   2.00  -0.15  -1.69  -0.35 
ALA GLY
  2.00   2.00   2.00   2.00   2.00  -0.53  -1.46  -0.67 
ALA ALA
  2.00   2.00   2.00   2.00   2.00   0.12  -1.57  -0.83 
ALA SER
  2.00   2.00   2.00   2.00   2.00  -0.57  -1.49  -0.60 
ALA CYS
  2.00   2.00   2.00   2.00   2.00   0.86  -1.76  -0.56 
ALA VAL
  2.00   2.00   2.00   2.00   2.00   0.32  -1.73  -0.51 
ALA THR
  2.00   2.00   2.00   2.00   2.00  -0.22  -1.55  -0.71 
ALA ILE
  2.00   2.00   2.00   2.00   2.00   0.46  -1.76  -0.43 
ALA PRO
  2.00   2.00   2.00   2.00   2.00   0.58  -1.79  -0.38 
ALA MET
  2.00   2.00   2.00   2.00   2.00   0.17  -1.70  -0.52 
ALA ASP
  2.00   2.00   2.00   2.00   2.00  -0.47  -1.47  -0.71 
ALA ASN
  2.00   2.00   2.00   2.00   2.00  -0.41  -1.52  -0.66 
ALA LEU
  2.00   2.00   2.00   2.00   2.00   0.42  -1.83  -0.08 
ALA LYS
  2.00   2.00   2.00   2.00   2.00  -0.42  -1.53  -0.62 
ALA GLU
  2.00   2.00   2.00   2.00   2.00  -0.41  -1.53  -0.60 
ALA GLN
  2.00   2.00   2.00   2.00   2.00  -0.45  -1.63  -0.29 
ALA ARG
  2.00   2.00   2.00   2.00   2.00   0.01  -1.63  -0.65 
ALA HIS
  2.00   2.00   2.00   2.00   2.00  -0.38  -1.55  -0.59 
ALA PHE
  2.00   2.00   2.00   2.00   2.00   0.59  -1.79  -0.38 
ALA TYR
  2.00   2.00   2.00   2.00   2.00   0.01  -1.71  -0.41 
ALA TRP
  2.00   2.00   2.00   2.00   2.00   0.06  -1.65  -0.60 
SER GLY
  2.00   2.00   2.00   2.00   2.00  -1.03  -1.33  -0.32 
SER ALA
  2.00   2.00   2.00   2.00   2.00  -0.79  -1.42  -0.50 
SER SER
  2.00   2.00   2.00   2.00   2.00  -0.67  -1.42  -0.60 
SER CYS
  2.00   2.00   2.00   2.00   2.00   0.07  -1.56  -0.78 
SER VAL
  2.00   2.00   2.00   2.00   2.00  -0.18  -1.59  -0.62 
SER THR
  2.00   2.00   2.00   2.00   2.00  -0.41  -1.48  -0.73 
SER ILE
  2.00   2.00   2.00   2.00   2.00  -0.04  -1.60  -0.67 
SER PRO
  2.00   2.00   2.00   2.00   2.00  -0.28  -1.56  -0.65 
SER MET
  2.00   2.00   2.00   2.00   2.00  -0.57  -1.59  -0.30 
SER ASP
  2.00   2.00   2.00   2.00   2.00  -1.00  -1.33  -0.41 
SER ASN
  2.00   2.00   2.00   2.00   2.00  -0.79  -1.41  -0.50 
SER LEU
  2.00   2.00   2.00   2.00   2.00  -0.29  -1.60  -0.54 
SER LYS
  2.00   2.00   2.00   2.00   2.00  -0.52  -1.47  -0.67 
SER GLU
  2.00   2.00   2.00   2.00   2.00  -0.92  -1.35  -0.41 
SER GLN
  2.00   2.00   2.00   2.00   2.00  -0.69  -1.46  -0.54 
SER ARG
  2.00   2.00   2.00   2.00   2.00  -0.19  -1.52  -0.79 
SER HIS
  2.00   2.00   2.00   2.00   2.00  -0.55  -1.51  -0.51 
SER PHE
  2.00   2.00   2.00   2.00   2.00  -0.33  -1.60  -0.50 
SER TYR
  2.00   2.00   2.00   2.00   2.00  -0.16  -1.64  -0.47 
SER TRP
  2.00   2.00   2.00   2.00   2.00  -0.21  -1.52  -0.78 
CYS GLY
  2.00   2.00   2.00   2.00   2.00  -0.69  -1.48  -0.49 
CYS ALA
  2.00   2.00   2.00   2.00   2.00  -0.11  -1.67  -0.43 
CYS SER
  2.00   2.00   2.00   2.00   2.00  -0.51  -1.52  -0.54 
CYS CYS
  2.00   2.00   2.00   2.00   2.00  -0.36  -1.46  -0.77 
CYS VAL
  2.00   2.00   2.00   2.00   2.00   0.35  -1.80  -0.22 
CYS THR
  2.00   2.00   2.00   2.00   2.00  -0.50  -1.53  -0.56 
CYS ILE
  2.00   2.00   2.00   2.00   2.00   0.54  -1.79  -0.34 
CYS PRO
  2.00   2.00   2.00   2.00   2.00   0.39  -1.72  -0.57 
CYS MET
  2.00   2.00   2.00   2.00   2.00   0.65  -1.89   0.14 
CYS ASP
  2.00   2.00   2.00   2.00   2.00  -0.88  -1.41  -0.41 
CYS ASN
  2.00   2.00   2.00   2.00   2.00  -0.70  -1.54  -0.28 
CYS LEU
  2.00   2.00   2.00   2.00   2.00  -0.35  -1.70  -0.12 
CYS LYS
  2.00   2.00   2.00   2.00   2.00  -0.16  -1.64  -0.52 
CYS GLU
  2.00   2.00   2.00   2.00   2.00  -0.14  -1.64  -0.52 
CYS GLN
  2.00   2.00   2.00   2.00   2.00  -0.13  -1.69  -0.36 
CYS ARG
  2.00   2.00   2.00   2.00   2.00  -0.13  -1.76  -0.06 
CYS HIS
  2.00   2.00   2.00   2.00   2.00  -0.74  -1.39  -0.64 
CYS PHE
  2.00   2.00   2.00   2.00   2.00   0.75  -1.87  -0.03 
CYS TYR
  2.00   2.00   2.00   2.00   2.00  -0.34  -1.63  -0.41 
CYS TRP
  2.00   2.00   2.00   2.00   2.00  -0.69  -1.45  -0.56 
VAL GLY
  2.00   2.00   2.00   2.00   2.00  -0.66  -1.55  -0.32 
VAL ALA
  2.00   2.00   2.00   2.00   2.00  -0.19  -1.71  -0.24 
VAL SER
  2.00   2.00   2.00   2.00   2.00  -0.34  -1.62  -0.44 
VAL CYS
  2.00   2.00   2.00   2.00   2.00   0.54  -1.85  -0.06 
VAL VAL
  2.00   2.00   2.00   2.00   2.00   0.87  -1.90   0.11 
VAL THR
  2.00   2.00   2.00   2.00   2.00   0.16  -1.75  -0.35 
VAL ILE
  2.00   2.00   2.00   2.00   2.00   1.01  -1.91   0.14 
VAL PRO
  2.00   2.00   2.00   2.00   2.00   0.44  -1.83  -0.08 
VAL MET
  2.00   2.00   2.00   2.00   2.00   0.29  -1.77  -0.33 
VAL ASP
  2.00   2.00   2.00   2.00   2.00  -0.19  -1.63  -0.54 
VAL ASN
  2.00   2.00   2.00   2.00   2.00  -0.16  -1.66  -0.44 
VAL LEU
  2.00   2.00   2.00   2.00   2.00   0.56  -1.89   0.26 
VAL LYS
  2.00   2.00   2.00   2.00   2.00  -0.07  -1.66  -0.52 
VAL GLU
  2.00   2.00   2.00   2.00   2.00  -0.27  -1.65  -0.40 
VAL GLN
  2.00   2.00   2.00   2.00   2.00  -0.02  -1.70  -0.40 
VAL ARG
  2.00   2.00   2.00   2.00   2.00  -0.12  -1.64  -0.54 
VAL HIS
  2.00   2.00   2.00   2.00   2.00  -0.11  -1.70  -0.33 
VAL PHE
  2.00   2.00   2.00   2.00   2.00   0.67  -1.81  -0.33 
VAL TYR
  2.00   2.00   2.00   2.00   2.00   0.69  -1.81  -0.32 
VAL TRP
  2.00   2.00   2.00   2.00   2.00  -0.01  -1.64  -0.59 
THR GLY
  2.00   2.00   2.00   2.00   2.00  -0.50  -1.56  -0.43 
THR ALA
  2.00   2.00   2.00   2.00   2.00  -0.42  -1.61  -0.35 
THR SER
  2.00   2.00   2.00   2.00   2.00  -0.26  -1.60  -0.54 
THR CYS
  2.00   2.00   2.00   2.00   2.00  -0.49  -1.55  -0.49 
THR VAL
  2.00   2.00   2.00   2.00   2.00   0.54  -1.80  -0.32 
THR THR
  2.00   2.00   2.00   2.00   2.00   0.27  -1.72  -0.50 
THR ILE
  2.00   2.00   2.00   2.00   2.00   0.48  -1.78  -0.36 
THR PRO
  2.00   2.00   2.00   2.00   2.00   0.16  -1.71  -0.43 
THR MET
  2.00   2.00   2.00   2.00   2.00  -0.44  -1.69  -0.03 
THR ASP
  2.00   2.00   2.00   2.00   2.00  -0.82  -1.47  -0.29 
THR ASN
  2.00   2.00   2.00   2.00   2.00  -0.31  -1.64  -0.37 
THR LEU
  2.00   2.00   2.00   2.00   2.00  -0.22  -1.70  -0.23 
THR LYS
  2.00   2.00   2.00   2.00   2.00  -0.36  -1.67  -0.23 
THR GLU
  2.00   2.00   2.00   2.00   2.00  -0.63  -1.56  -0.31 
THR GLN
  2.00   2.00   2.00   2.00   2.00  -0.12  -1.66  -0.44 
THR ARG
  2.00   2.00   2.00   2.00   2.00  -0.28  -1.64  -0.41 
THR HIS
  2.00   2.00   2.00   2.00   2.00  -0.30  -1.71  -0.13 
THR PHE
  2.00   2.00   2.00   2.00   2.00   0.03  -1.72  -0.34 
THR TYR
  2.00   2.00   2.00   2.00   2.00   0.32  -1.80  -0.22 
THR TRP
  2.00   2.00   2.00   2.00   2.00   0.03  -1.67  -0.55 
ILE GLY
  2.00   2.00   2.00   2.00   2.00  -0.55  -1.58  -0.31 
ILE ALA
  2.00   2.00   2.00   2.00   2.00  -0.35  -1.68  -0.21 
ILE SER
  2.00   2.00   2.00   2.00   2.00  -0.39  -1.61  -0.43 
ILE CYS
  2.00   2.00   2.00   2.00   2.00   1.03  -1.83  -0.36 
ILE VAL
  2.00   2.00   2.00   2.00   2.00   0.78  -1.93   0.40 
ILE THR
  2.00   2.00   2.00   2.00   2.00   0.16  -1.75  -0.32 
ILE ILE
  2.00   2.00   2.00   2.00   2.00   0.99  -1.89   0.01 
ILE PRO
  2.00   2.00   2.00   2.00   2.00   0.42  -1.84  -0.07 
ILE MET
  2.00   2.00   2.00   2.00   2.00   0.64  -1.79  -0.41 
ILE ASP
  2.00   2.00   2.00   2.00   2.00  -0.41  -1.57  -0.50 
ILE ASN
  2.00   2.00   2.00   2.00   2.00  -0.07  -1.68  -0.44 
ILE LEU
  2.00   2.00   2.00   2.00   2.00   0.58  -1.92   0.45 
ILE LYS
  2.00   2.00   2.00   2.00   2.00   0.24  -1.70  -0.56 
ILE GLU
  2.00   2.00   2.00   2.00   2.00  -0.12  -1.68  -0.41 
ILE GLN
  2.00   2.00   2.00   2.00   2.00   0.15  -1.69  -0.56 
ILE ARG
  2.00   2.00   2.00   2.00   2.00   0.12  -1.68  -0.57 
ILE HIS
  2.00   2.00   2.00   2.00   2.00   0.00  -1.67  -0.52 
ILE PHE
  2.00   2.00   2.00   2.00   2.00   0.45  -1.86   0.06 
ILE TYR
  2.00   2.00   2.00   2.00   2.00   0.21  -1.81  -0.06 
ILE TRP
  2.00   2.00   2.00   2.00   2.00   0.13  -1.60  -0.77 
PRO GLY
  2.00   2.00   2.00   2.00   2.00  -1.29  -1.14  -0.19 
PRO ALA
  2.00   2.00   2.00   2.00   2.00  -1.15  -1.41   0.31 
PRO SER
  2.00   2.00   2.00   2.00   2.00  -1.14  -1.28  -0.19 
PRO CYS
  2.00   2.00   2.00   2.00   2.00  -0.86  -1.33  -0.63 
PRO VAL
  2.00   2.00   2.00   2.00   2.00  -0.46  -1.63  -0.26 
PRO THR
  2.00   2.00   2.00   2.00   2.00  -0.99  -1.35  -0.37 
PRO ILE
  2.00   2.00   2.00   2.00   2.00  -0.53  -1.63  -0.16 
PRO PRO
  2.00   2.00   2.00   2.00   2.00  -0.27  -1.71  -0.14 
PRO MET
  2.00   2.00   2.00   2.00   2.00  -0.64  -1.47  -0.57 
PRO ASP
  2.00   2.00   2.00   2.00   2.00  -1.39  -1.10  -0.00 
PRO ASN
  2.00   2.00   2.00   2.00   2.00  -1.29  -1.05  -0.42 
PRO LEU
  2.00   2.00   2.00   2.00   2.00  -0.26  -1.58  -0.58 
PRO LYS
  2.00   2.00   2.00   2.00   2.00  -0.91  -1.35  -0.47 
PRO GLU
  2.00   2.00   2.00   2.00   2.00  -1.36  -1.19   0.20 
PRO GLN
  2.00   2.00   2.00   2.00   2.00  -0.91  -1.34  -0.53 
PRO ARG
  2.00   2.00   2.00   2.00   2.00  -0.89  -1.40  -0.40 
PRO HIS
  2.00   2.00   2.00   2.00   2.00  -1.49  -1.15   0.85 
PRO PHE
  2.00   2.00   2.00   2.00   2.00  -0.34  -1.72  -0.00 
PRO TYR
  2.00   2.00   2.00   2.00   2.00  -0.93  -1.44  -0.23 
PRO TRP
  2.00   2.00   2.00   2.00   2.00  -1.00  -1.20  -0.67 
MET GLY
  2.00   2.00   2.00   2.00   2.00  -0.45  -1.58  -0.45 
MET ALA
  2.00   2.00   2.00   2.00   1.83   0.29  -1.73  -0.36 
MET SER
  2.00   2.00   2.00   2.00   2.00  -0.26  -1.65  -0.39 
MET CYS
  2.00   2.00   2.00   2.00   2.00  -0.52  -1.59  -0.35 
MET VAL
  2.00   2.00   2.00   2.00   2.00   0.73  -1.86  -0.06 
MET THR
  2.00   2.00   2.00   2.00   2.00   0.43  -1.76  -0.43 
MET ILE
  2.00   2.00   2.00   2.00   2.00   0.64  -1.83  -0.20 
MET PRO
  2.00   2.00   2.00   2.00   2.00   0.67  -1.73  -0.58 
MET MET
  2.00   2.00   2.00   2.00   2.00   0.43  -1.77  -0.38 
MET ASP
  2.00   2.00   2.00   2.00   2.00  -0.04  -1.71  -0.29 
MET ASN
  2.00   2.00   2.00   2.00   2.00  -0.14  -1.67  -0.41 
MET LEU
  2.00   2.00   2.00   2.00   2.00   0.34  -1.79  -0.26 
MET LYS
  2.00   2.00   2.00   2.00   2.00  -0.27  -1.67  -0.33 
MET GLU
  2.00   2.00   2.00   2.00   2.00   0.07  -1.74  -0.34 
MET GLN
  2.00   2.00   2.00   2.00   2.00  -0.21  -1.78   0.15 
MET ARG
  2.00   2.00   2.00   2.00   2.00   0.19  -1.65  -0.68 
MET HIS
  2.00   2.00   2.00   2.00   2.00  -0.04  -1.73  -0.29 
MET PHE
  2.00   2.00   2.00   2.00   2.00   1.78  -1.91  -0.07 
MET TYR
  2.00   2.00   2.00   2.00   2.00   0.12  -1.71  -0.44 
MET TRP
  2.00   2.00   2.00   2.00   2.00   1.70  -1.66  -0.93 
ASP GLY
  2.00   2.00   2.00   2.00   2.00  -1.49  -1.01   0.19 
ASP ALA
  2.00   2.00   2.00   2.00   2.00  -1.47  -0.86  -0.25 
ASP SER
  2.00   2.00   2.00   2.00   2.00  -1.51  -0.90  -0.01 
ASP CYS
  2.00   2.00   2.00   2.00   2.00  -1.26  -1.11  -0.36 
ASP VAL
  2.00   2.00   2.00   2.00   2.00  -0.89  -1.40  -0.42 
ASP THR
  2.00   2.00   2.00   2.00   2.00  -1.25  -1.20  -0.18 
ASP ILE
  2.00   2.00   2.00   2.00   2.00  -0.60  -1.42  -0.72 
ASP PRO
  2.00   2.00   2.00   2.00   2.00  -0.27  -1.75   0.18 
ASP MET
  2.00   2.00   2.00   2.00   2.00  -1.06  -1.18  -0.62 
ASP ASP
  2.00   2.00   2.00   2.00   2.00  -1.33  -1.20   0.12 
ASP ASN
  2.00   2.00   2.00   2.00   2.00  -1.43  -1.17   0.52 
ASP LEU
  2.00   2.00   2.00   2.00   2.00  -0.75  -1.47  -0.41 
ASP LYS
  2.00   2.00   2.00   2.00   2.00  -1.41  -1.15   0.37 
ASP GLU
  2.00   2.00   2.00   2.00   2.00  -1.24  -1.12  -0.39 
ASP GLN
  2.00   2.00   2.00   2.00   2.00  -1.30  -1.24   0.15 
ASP ARG
  2.00   2.00   2.00   2.00   2.00  -1.42  -1.07   0.03 
ASP HIS
  2.00   2.00   2.00   2.00   2.00  -1.00  -1.49   0.20 
ASP PHE
  2.00   2.00   2.00   2.00   2.00  -0.69  -1.49  -0.43 
ASP TYR
  2.00   2.00   2.00   2.00   2.00  -0.72  -1.57  -0.07 
ASP TRP
  2.00   2.00   2.00   2.00   2.00  -0.80  -1.27  -0.80 
ASN GLY
  2.00   2.00   2.00   2.00   2.00  -1.29  -1.24   0.08 
ASN ALA
  2.00   2.00   2.00   2.00   2.00  -1.08  -1.32  -0.25 
ASN SER
  2.00   2.00   2.00   2.00   2.00  -1.10  -1.33  -0.22 
ASN CYS
  2.00   2.00   2.00   2.00   2.00  -1.00  -1.26  -0.56 
ASN VAL
  2.00   2.00   2.00   2.00   2.00  -0.48  -1.57  -0.44 
ASN THR
  2.00   2.00   2.00   2.00   2.00  -0.72  -1.57  -0.11 
ASN ILE
  2.00   2.00   2.00   2.00   2.00  -0.67  -1.54  -0.32 
ASN PRO
  2.00   2.00   2.00   2.00   1.48  -0.22  -1.64  -0.31 
ASN MET
  2.00   2.00   2.00   2.00   2.00  -0.77  -1.49  -0.33 
ASN ASP
  2.00   2.00   2.00   2.00   2.00  -1.07  -1.32  -0.22 
ASN ASN
  2.00   2.00   2.00   2.00   2.00  -1.09  -1.40   0.02 
ASN LEU
  2.00   2.00   2.00   2.00   2.00  -0.80  -1.46  -0.39 
ASN LYS
  2.00   2.00   2.00   2.00   2.00  -1.19  -1.23  -0.21 
ASN GLU
  2.00   2.00   2.00   2.00   2.00  -1.34  -1.21   0.23 
ASN GLN
  2.00   2.00   2.00   2.00   2.00  -1.03  -1.42  -0.08 
ASN ARG
  2.00   2.00   2.00   2.00   2.00  -1.16  -1.27  -0.22 
ASN HIS
  2.00   2.00   2.00   2.00   2.00  -0.78  -1.32  -0.66 
ASN PHE
  2.00   2.00   2.00   2.00   2.00  -0.37  -1.67  -0.14 
ASN TYR
  2.00   2.00   2.00   2.00   2.00  -0.47  -1.63  -0.26 
ASN TRP
  2.00   2.00   2.00   2.00   2.00  -0.69  -1.52  -0.34 
LEU GLY
  2.00   2.00   2.00   2.00   2.00  -0.44  -1.59  -0.42 
LEU ALA
  2.00   2.00   2.00   2.00   2.00   0.04  -1.68  -0.49 
LEU SER
  2.00   2.00   2.00   2.00   2.00  -0.16  -1.63  -0.54 
LEU CYS
  2.00   2.00   2.00   2.00   2.00   0.07  -1.69  -0.51 
LEU VAL
  2.00   2.00   2.00   2.00   2.00   0.50  -1.85  -0.02 
LEU THR
  2.00   2.00   2.00   2.00   2.00   0.15  -1.66  -0.61 
LEU ILE
  2.00   2.00   2.00   2.00   2.00   0.40  -1.84  -0.03 
LEU PRO
  2.00   2.00   2.00   2.00   2.00   0.44  -1.85   0.03 
LEU MET
  2.00   2.00   2.00   2.00   2.00   0.39  -1.78  -0.33 
LEU ASP
  2.00   2.00   2.00   2.00   2.00  -0.34  -1.59  -0.52 
LEU ASN
  2.00   2.00   2.00   2.00   2.00  -0.00  -1.64  -0.61 
LEU LEU
  2.00   2.00   2.00   2.00   2.00   0.40  -1.87   0.18 
LEU LYS
  2.00   2.00   2.00   2.00   2.00   0.08  -1.69  -0.50 
LEU GLU
  2.00   2.00   2.00   2.00   2.00  -0.14  -1.68  -0.38 
LEU GLN
  2.00   2.00   2.00   2.00   2.00  -0.17  -1.64  -0.51 
LEU ARG
  2.00   2.00   2.00   2.00   2.00  -0.10  -1.68  -0.44 
LEU HIS
  2.00   2.00   2.00   2.00   2.00   0.18  -1.66  -0.64 
LEU PHE
  2.00   2.00   2.00   2.00   2.00   0.89  -1.86  -0.17 
LEU TYR
  2.00   2.00   2.00   2.00   2.00   0.85  -1.84  -0.25 
LEU TRP
  2.00   2.00   2.00   2.00   2.00   0.31  -1.65  -0.71 
LYS GLY
  2.00   2.00   2.00   2.00   2.00  -0.99  -1.51   0.21 
LYS ALA
  2.00   2.00   2.00   2.00   2.00   0.29  -1.76  -0.37 
LYS SER
  2.00   2.00   2.00   2.00   2.00  -0.09  -1.70  -0.34 
LYS CYS
  2.00   2.00   2.00   2.00   2.00  -0.15  -1.70  -0.33 
LYS VAL
  2.00   2.00   2.00   2.00   2.00   0.13  -1.78  -0.20 
LYS THR
  2.00   2.00   2.00   2.00   2.00   0.26  -1.72  -0.49 
LYS ILE
  2.00   2.00   2.00   2.00   2.00   0.63  -1.78  -0.44 
LYS PRO
  2.00   2.00   2.00   2.00   2.00   0.39  -1.79  -0.27 
LYS MET
  2.00   2.00   2.00   2.00   2.00   0.25  -1.78  -0.24 
LYS ASP
  2.00   2.00   2.00   2.00   2.00  -0.49  -1.58  -0.39 
LYS ASN
  2.00   2.00   2.00   2.00   2.00  -0.07  -1.63  -0.60 
LYS LEU
  2.00   2.00   2.00   2.00   2.00  -0.00  -1.79  -0.04 
LYS LYS
  2.00   2.00   2.00   2.00   2.00   0.09  -1.70  -0.44 
LYS GLU
  2.00   2.00   2.00   2.00   2.00  -0.16  -1.69  -0.33 
LYS GLN
  2.00   2.00   2.00   2.00   2.00  -0.01  -1.76  -0.15 
LYS ARG
  2.00   2.00   2.00   2.00   2.00   0.30  -1.66  -0.66 
LYS HIS
  2.00   2.00   2.00   2.00   2.00   0.04  -1.71  -0.42 
LYS PHE
  2.00   2.00   2.00   2.00   2.00   0.23  -1.74  -0.37 
LYS TYR
  2.00   2.00   2.00   2.00   2.00   1.18  -1.89  -0.02 
LYS TRP
  2.00   2.00   2.00   2.00   2.00   0.78  -1.69  -0.75 
GLU GLY
  2.00   2.00   2.00   2.00   2.00  -1.05  -1.45   0.16 
GLU ALA
  2.00   2.00   2.00   2.00   2.00  -0.22  -1.59  -0.60 
GLU SER
  2.00   2.00   2.00   2.00   2.00  -0.45  -1.50  -0.67 
GLU CYS
  2.00   2.00   2.00   2.00   2.00  -0.35  -1.70  -0.09 
GLU VAL
  2.00   2.00   2.00   2.00   2.00   0.06  -1.76  -0.24 
GLU THR
  2.00   2.00   2.00   2.00   2.00   0.29  -1.66  -0.69 
GLU ILE
  2.00   2.00   2.00   2.00   2.00   0.17  -1.73  -0.40 
GLU PRO
  2.00   2.00   2.00   2.00   2.00  -0.00  -1.75  -0.17 
GLU MET
  2.00   2.00   2.00   2.00   2.00  -0.25  -1.64  -0.44 
GLU ASP
  2.00   2.00   2.00   2.00   2.00  -0.20  -1.59  -0.64 
GLU ASN
  2.00   2.00   2.00   2.00   2.00  -0.41  -1.69  -0.07 
GLU LEU
  2.00   2.00   2.00   2.00   2.00   0.06  -1.78  -0.08 
GLU LYS
  2.00   2.00   2.00   2.00   2.00  -0.39  -1.68  -0.15 
GLU GLU
  2.00   2.00   2.00   2.00   2.00  -0.17  -1.60  -0.63 
GLU GLN
  2.00   2.00   2.00   2.00   2.00  -0.09  -1.72  -0.24 
GLU ARG
  2.00   2.00   2.00   2.00   2.00   0.04  -1.76  -0.21 
GLU HIS
  2.00   2.00   2.00   2.00   2.00  -0.18  -1.78   0.11 
GLU PHE
  2.00   2.00   2.00   2.00   2.00   0.10  -1.75  -0.29 
GLU TYR
  2.00   2.00   2.00   2.00   2.00   0.06  -1.72  -0.38 
GLU TRP
  2.00   2.00   2.00   2.00   2.00  -0.25  -1.50  -0.80 
GLN GLY
  2.00   2.00   2.00   2.00   2.00  -1.04  -1.43   0.04 
GLN ALA
  2.00   2.00   2.00   2.00   2.00  -0.09  -1.61  -0.65 
GLN SER
  2.00   2.00   2.00   2.00   2.00  -0.23  -1.51  -0.77 
GLN CYS
  2.00   2.00   2.00   2.00   2.00   0.32  -1.73  -0.49 
GLN VAL
  2.00   2.00   2.00   2.00   2.00   0.20  -1.75  -0.36 
GLN THR
  2.00   2.00   2.00   2.00   2.00  -0.19  -1.72  -0.19 
GLN ILE
  2.00   2.00   2.00   2.00   2.00   0.42  -1.75  -0.46 
GLN PRO
  2.00   2.00   2.00   2.00   2.00   0.02  -1.74  -0.26 
GLN MET
  2.00   2.00   2.00   2.00   2.00   0.05  -1.72  -0.40 
GLN ASP
  2.00   2.00   2.00   2.00   2.00  -0.25  -1.64  -0.40 
GLN ASN
  2.00   2.00   2.00   2.00   2.00  -0.40  -1.61  -0.40 
GLN LEU
  2.00   2.00   2.00   2.00   2.00   0.30  -1.83  -0.02 
GLN LYS
  2.00   2.00   2.00   2.00   2.00  -0.28  -1.66  -0.34 
GLN GLU
  2.00   2.00   2.00   2.00   2.00  -0.30  -1.68  -0.24 
GLN GLN
  2.00   2.00   2.00   2.00   2.00  -0.19  -1.70  -0.30 
GLN ARG
  2.00   2.00   2.00   2.00   2.00   0.03  -1.68  -0.50 
GLN HIS
  2.00   2.00   2.00   2.00   2.00  -0.00  -1.81   0.11 
GLN PHE
  2.00   2.00   2.00   2.00   2.00  -0.03  -1.77  -0.08 
GLN TYR
  2.00   2.00   2.00   2.00   2.00   0.63  -1.84  -0.18 
GLN TRP
  2.00   2.00   2.00   2.00   2.00  -0.15  -1.53  -0.79 
ARG GLY
  2.00   2.00   2.00   2.00   2.00  -0.67  -1.62  -0.01 
ARG ALA
  2.00   2.00   2.00   2.00   2.00   0.05  -1.69  -0.48 
ARG SER
  2.00   2.00   2.00   2.00   2.00  -0.20  -1.68  -0.33 
ARG CYS
  2.00   2.00   2.00   2.00   2.00   0.11  -1.55  -0.83 
ARG VAL
  2.00   2.00   2.00   2.00   2.00   0.35  -1.80  -0.21 
ARG THR
  2.00   2.00   2.00   2.00   2.00   0.11  -1.64  -0.66 
ARG ILE
  2.00   2.00   2.00   2.00   2.00   0.48  -1.75  -0.48 
ARG PRO
  2.00   2.00   2.00   2.00   2.00   0.54  -1.78  -0.33 
ARG MET
  2.00   2.00   2.00   2.00   2.00   0.08  -1.72  -0.39 
ARG ASP
  2.00   2.00   2.00   2.00   2.00  -0.44  -1.66  -0.15 
ARG ASN
  2.00   2.00   2.00   2.00   2.00  -0.26  -1.67  -0.29 
ARG LEU
  2.00   2.00   2.00   2.00   2.00   0.49  -1.82  -0.21 
ARG LYS
  2.00   2.00   2.00   2.00   2.00   0.06  -1.68  -0.51 
ARG GLU
  2.00   2.00   2.00   2.00   2.00  -0.29  -1.69  -0.20 
ARG GLN
  2.00   2.00   2.00   2.00   2.00   0.07  -1.68  -0.53 
ARG ARG
  2.00   2.00   2.00   2.00   2.00   0.16  -1.68  -0.59 
ARG HIS
  2.00   2.00   2.00   2.00   2.00   0.23  -1.75  -0.37 
ARG PHE
  2.00   2.00   2.00   2.00   2.00   0.10  -1.77  -0.17 
ARG TYR
  2.00   2.00   2.00   2.00   2.00   0.69  -1.81  -0.33 
ARG TRP
  2.00   2.00   2.00   2.00   2.00  -0.05  -1.53  -0.79 
HIS GLY
  2.00   2.00   2.00   2.00   2.00  -1.03  -1.41  -0.12 
HIS ALA
  2.00   2.00   2.00   2.00   2.00  -0.54  -1.59  -0.32 
HIS SER
  2.00   2.00   2.00   2.00   2.00  -0.38  -1.64  -0.27 
HIS CYS
  2.00   2.00   2.00   2.00   2.00  -0.25  -1.48  -0.84 
HIS VAL
  2.00   2.00   2.00   2.00   2.00   0.13  -1.79  -0.12 
HIS THR
  2.00   2.00   2.00   2.00   2.00  -0.07  -1.54  -0.81 
HIS ILE
  2.00   2.00   2.00   2.00   2.00   0.01  -1.77  -0.13 
HIS PRO
  2.00   2.00   2.00   2.00   2.00   0.32  -1.78  -0.31 
HIS MET
  2.00   2.00   2.00   2.00   2.00   1.10  -1.79  -0.51 
HIS ASP
  2.00   2.00   2.00   2.00   2.00  -0.55  -1.68   0.12 
HIS ASN
  2.00   2.00   2.00   2.00   2.00  -0.42  -1.72   0.22 
HIS LEU
  2.00   2.00   2.00   2.00   2.00   0.20  -1.75  -0.37 
HIS LYS
  2.00   2.00   2.00   2.00   2.00  -0.49  -1.54  -0.49 
HIS GLU
  2.00   2.00   2.00   2.00   2.00  -0.60  -1.63  -0.06 
HIS GLN
  2.00   2.00   2.00   2.00   2.00  -0.29  -1.66  -0.35 
HIS ARG
  2.00   2.00   2.00   2.00   2.00  -0.47  -1.64  -0.23 
HIS HIS
  2.00   2.00   2.00   2.00   2.00  -0.31  -1.66  -0.31 
HIS PHE
  2.00   2.00   2.00   2.00   2.00   0.19  -1.78  -0.24 
HIS TYR
  2.00   2.00   2.00   2.00   2.00   0.10  -1.78  -0.13 
HIS TRP
  2.00   2.00   2.00   2.00   2.00  -0.20  -1.78   0.14 
PHE GLY
  2.00   2.00   2.00   2.00   2.00  -0.47  -1.58  -0.41 
PHE ALA
  2.00   2.00   2.00   2.00   2.00   0.27  -1.76  -0.32 
PHE SER
  2.00   2.00   2.00   2.00   2.00  -0.55  -1.57  -0.33 
PHE CYS
  2.00   2.00   2.00   2.00   2.00   0.60  -1.76  -0.50 
PHE VAL
  2.00   2.00   2.00   2.00   2.00   0.48  -1.81  -0.22 
PHE THR
  2.00   2.00   2.00   2.00   2.00   0.36  -1.70  -0.58 
PHE ILE
  2.00   2.00   2.00   2.00   2.00   0.50  -1.75  -0.49 
PHE PRO
  2.00   2.00   2.00   2.00   2.00   0.47  -1.89   0.27 
PHE MET
  2.00   2.00   2.00   2.00   2.00  -0.29  -1.71  -0.13 
PHE ASP
  2.00   2.00   2.00   2.00   2.00  -0.50  -1.51  -0.61 
PHE ASN
  2.00   2.00   2.00   2.00   2.00  -0.52  -1.57  -0.41 
PHE LEU
  2.00   2.00   2.00   2.00   2.00   0.52  -1.82  -0.19 
PHE LYS
  2.00   2.00   2.00   2.00   2.00  -0.14  -1.66  -0.45 
PHE GLU
  2.00   2.00   2.00   2.00   2.00  -0.30  -1.69  -0.17 
PHE GLN
  2.00   2.00   2.00   2.00   2.00   0.22  -1.74  -0.40 
PHE ARG
  2.00   2.00   2.00   2.00   2.00  -0.01  -1.64  -0.57 
PHE HIS
  2.00   2.00   2.00   2.00   2.00   0.21  -1.81  -0.08 
PHE PHE
  2.00   2.00   2.00   2.00   2.00   0.27  -1.78  -0.27 
PHE TYR
  2.00   2.00   2.00   2.00   2.00   0.59  -1.75  -0.52 
PHE TRP
  2.00   2.00   2.00   2.00   2.00   0.85  -1.73  -0.67 
TYR GLY
  2.00   2.00   2.00   2.00   2.00  -0.92  -1.40  -0.32 
TYR ALA
  2.00   2.00   2.00   2.00   2.00   0.06  -1.73  -0.33 
TYR SER
  2.00   2.00   2.00   2.00   2.00  -0.03  -1.69  -0.42 
TYR CYS
  2.00   2.00   2.00   2.00   2.00   0.94  -1.78  -0.53 
TYR VAL
  2.00   2.00   2.00   2.00   2.00   0.19  -1.79  -0.16 
TYR THR
  2.00   2.00   2.00   2.00   2.00   0.18  -1.64  -0.67 
TYR ILE
  2.00   2.00   2.00   2.00   2.00   0.51  -1.79  -0.33 
TYR PRO
  2.00   2.00   2.00   2.00   2.00   0.48  -1.84  -0.09 
TYR MET
  2.00   2.00   2.00   2.00   2.00  -0.08  -1.76  -0.08 
TYR ASP
  2.00   2.00   2.00   2.00   2.00  -0.37  -1.72   0.11 
TYR ASN
  2.00   2.00   2.00   2.00   2.00  -0.43  -1.66  -0.17 
TYR LEU
  2.00   2.00   2.00   2.00   2.00   0.51  -1.85  -0.06 
TYR LYS
  2.00   2.00   2.00   2.00   2.00  -0.03  -1.72  -0.34 
TYR GLU
  2.00   2.00   2.00   2.00   2.00  -0.03  -1.73  -0.29 
TYR GLN
  2.00   2.00   2.00   2.00   2.00   0.23  -1.79  -0.22 
TYR ARG
  2.00   2.00   2.00   2.00   2.00   0.25  -1.68  -0.62 
TYR HIS
  2.00   2.00   2.00   2.00   2.00  -0.05  -1.75  -0.18 
TYR PHE
  2.00   2.00   2.00   2.00   2.00   0.71  -1.81  -0.31 
TYR TYR
  2.00   2.00   2.00   2.00   2.00   0.28  -1.76  -0.32 
TYR TRP
  2.00   2.00   2.00   2.00   2.00   0.37  -1.75  -0.46 
TRP GLY
  2.00   2.00   2.00   2.00   2.00  -0.72  -1.51  -0.36 
TRP ALA
  2.00   2.00   2.00   2.00   2.00  -0.34  -1.57  -0.59 
TRP SER
  2.00   2.00   2.00   2.00   2.00  -0.47  -1.40  -0.85 
TRP CYS
  2.00   2.00   2.00   2.00   2.00   1.06  -1.83  -0.33 
TRP VAL
  2.00   2.00   2.00   2.00   2.00   0.22  -1.79  -0.21 
TRP THR
  2.00   2.00   2.00   2.00   2.00  -0.00  -1.62  -0.66 
TRP ILE
  2.00   2.00   2.00   2.00   2.00   0.80  -1.78  -0.50 
TRP PRO
  2.00   2.00   2.00   2.00   2.00   0.37  -1.79  -0.22 
TRP MET
  2.00   2.00   2.00   2.00   1.50  -0.29  -1.71   0.12 
TRP ASP
  2.00   2.00   2.00   2.00   2.00  -0.40  -1.61  -0.40 
TRP ASN
  2.00   2.00   2.00   2.00   2.00  -0.07  -1.54  -0.76 
TRP LEU
  2.00   2.00   2.00   2.00   2.00   0.17  -1.80  -0.11 
TRP LYS
  2.00   2.00   2.00   2.00   2.00   0.10  -1.66  -0.59 
TRP GLU
  2.00   2.00   2.00   2.00   2.00   0.04  -1.62  -0.69 
TRP GLN
  2.00   2.00   2.00   2.00   2.00   0.35  -1.73  -0.52 
TRP ARG
  2.00   2.00   2.00   2.00   2.00   0.42  -1.63  -0.80 
TRP HIS
  2.00   2.00   2.00   2.00   2.00   0.18  -1.73  -0.41 
TRP PHE
  2.00   2.00   2.00   2.00   2.00   1.08  -1.74  -0.67 
TRP TYR
  2.00   2.00   2.00   2.00   2.00   0.30  -1.54  -0.96 
TRP TRP
  2.00   2.00   2.00   2.00   2.00   1.61  -1.48  -1.22 
