GLY GLY
  2.00   1.50  -0.01  -0.48  -0.37  -0.01  -1.07   2.00 
  2.00   2.00   2.00   2.00   2.00   2.00   2.00   2.00 
 -0.73  -2.29   0.05   0.49  -0.06  -0.11   2.00   2.00 
GLY ALA
  2.00   2.00   1.37   0.62   1.37   1.66   1.15   2.00 
  2.00   2.00   2.00   2.00   2.00   2.00   2.00   2.00 
 -1.47  -2.71   0.12   0.81   0.36   0.08   2.00   2.00 
GLY SER
  2.00   1.63   0.33   0.43   0.54   0.79   0.17   2.00 
  2.00   2.00   2.00   2.00   2.00   2.00   2.00   2.00 
 -0.53  -2.64  -0.04  -0.53  -0.21   0.54   2.00   2.00 
GLY CYS
  2.00   2.00   1.06   2.00   0.66   0.15   0.37   1.76 
  2.00   2.00   2.00   2.00   2.00   2.00   2.00   2.00 
 -1.58  -2.49  -0.32  -0.32  -0.32   1.06   2.00   2.00 
GLY VAL
  2.00   1.10   0.88   0.23   0.88   1.10   1.10   2.00 
  2.00   2.00   2.00   2.00   2.00   2.00   2.00   2.00 
 -1.67  -2.47   0.29   0.34  -0.58   0.04   2.00   2.00 
GLY THR
  2.00   0.90  -0.25   0.61   0.90   1.59   0.49   2.00 
  2.00   2.00   2.00   2.00   2.00   2.00   2.00   2.00 
 -1.24  -2.59  -0.30   0.29   0.05   0.61   2.00   2.00 
GLY ILE
  2.00   1.75   1.75   0.58   1.53   1.35   1.06   2.00 
  2.00   2.00   2.00   2.00   2.00   2.00   2.00   2.00 
 -1.55  -2.57   0.25   0.94  -0.92   0.25   2.00   2.00 
GLY PRO
  2.00   1.33   1.33  -1.02  -0.81  -0.18  -0.18   2.00 
  2.00   2.00   2.00   2.00   2.00   2.00   2.00   2.00 
 -0.69  -2.52   0.07   0.63   2.00   2.00   2.00   2.00 
GLY MET
  2.00   2.00   1.64   1.23   0.95   0.95   0.95   1.64 
  2.00   2.00   2.00   2.00   2.00   2.00   2.00   2.00 
 -1.41  -2.69   0.95   0.25  -0.31   0.39   2.00   2.00 
GLY ASP
  2.00   1.66   0.81   0.12   0.46  -0.01  -0.24   2.00 
  2.00   2.00   2.00   2.00   2.00   2.00   2.00   2.00 
 -1.27  -2.46   0.05   0.36  -0.77   0.81   2.00   2.00 
GLY ASN
  2.00   0.95   1.17   0.48   0.36   0.16   0.16   2.00 
  2.00   2.00   2.00   2.00   2.00   2.00   2.00   2.00 
 -1.34  -2.49  -0.39  -0.08  -0.34   0.95   2.00   2.00 
GLY LEU
  2.00   2.00   1.03   1.19   1.19   1.37   1.28   2.00 
  2.00   2.00   2.00   2.00   2.00   2.00   2.00   2.00 
 -1.59  -2.64   0.34   0.38  -0.49   0.54   2.00   2.00 
GLY LYS
  2.00   1.87   0.77   0.08   0.41   1.18   1.02   2.00 
  2.00   2.00   2.00   2.00   2.00   2.00   2.00   2.00 
 -1.22  -2.56   0.03  -0.17  -0.81   0.89   2.00   2.00 
GLY GLU
  2.00   2.00   0.92  -0.02   0.48   0.63   0.23   2.00 
  2.00   2.00   2.00   2.00   2.00   2.00   2.00   2.00 
 -1.23  -2.71   0.28   1.33   0.07   1.33   2.00   2.00 
GLY GLN
  2.00   1.01   1.24   1.24   1.01   1.53   0.83   2.00 
  2.00   2.00   2.00   2.00   2.00   2.00   2.00   2.00 
 -1.49  -2.66   0.14   0.23  -0.27   1.24   2.00   2.00 
GLY ARG
  2.00   1.44   1.44   0.88   2.00   1.73   0.43   2.00 
  2.00   2.00   2.00   2.00   2.00   2.00   2.00   2.00 
 -1.49  -2.63   0.05   0.05  -0.43   1.03   2.00   2.00 
GLY HIS
  2.00   0.41   0.63   0.23   1.33   0.41   0.92   2.00 
  2.00   2.00   2.00   2.00   2.00   2.00   2.00   2.00 
 -1.53  -2.53  -0.18   0.23   0.23   0.92   1.33   2.00 
GLY PHE
  2.00   0.58   0.99   0.48   0.99   0.70   1.39   2.00 
  2.00   2.00   2.00   2.00   2.00   2.00   2.00   2.00 
 -1.48  -2.48  -0.11   0.48  -0.52  -0.27   2.00   2.00 
GLY TYR
  2.00   1.77   1.08   0.86   1.08   0.86   1.08   2.00 
  2.00   2.00   2.00   2.00   2.00   2.00   2.00   2.00 
 -1.38  -2.54  -0.24   0.16  -0.58  -0.37   2.00   2.00 
GLY TRP
  2.00   1.06   2.00   2.00   1.06   1.06   0.66   2.00 
  2.00   2.00   2.00   2.00   2.00   2.00   2.00   2.00 
 -1.61  -2.59   0.66   0.15  -0.04  -0.32   1.06   2.00 
ALA GLY
  2.00   2.00   0.81  -0.36  -1.30   1.45   1.11   2.00 
  2.00   2.00   2.00   2.00   2.00   2.00   2.00   2.00 
 -1.21  -2.55   0.53   1.67   1.11   0.98   2.00   2.00 
ALA ALA
  2.00   2.00   2.00   2.00   2.00   2.00   2.00   2.00 
  2.00   2.00   2.00   2.00   2.00   2.00   2.00   2.00 
 -1.62  -2.86   0.42   1.48   1.52   2.00   2.00   2.00 
ALA SER
  2.00   2.00   1.28   2.00   2.00   2.00   2.00   2.00 
  2.00   2.00   2.00   2.00   2.00   2.00   2.00   2.00 
 -1.21  -2.87  -0.02   0.63   0.47   1.98   2.00   2.00 
ALA CYS
  2.00   2.00   1.85   1.85   2.00   2.00   1.85   2.00 
  2.00   2.00   2.00   2.00   2.00   2.00   2.00   2.00 
 -1.80  -2.70  -0.02   0.60   0.35   2.00   2.00   2.00 
ALA VAL
  2.00   2.00   1.74   2.00   2.00   2.00   2.00   2.00 
  2.00   2.00   2.00   2.00   2.00   2.00   2.00   2.00 
 -1.87  -2.78   0.64   1.43   1.57   2.00   2.00   2.00 
ALA THR
  2.00   1.94   0.78   2.00   2.00   2.00   2.00   2.00 
  2.00   2.00   2.00   2.00   2.00   2.00   2.00   2.00 
 -1.46  -2.84   0.22   1.35   0.84   2.00   2.00   2.00 
ALA ILE
  2.00   2.00   2.00   2.00   2.00   2.00   2.00   2.00 
  2.00   2.00   2.00   2.00   2.00   2.00   2.00   2.00 
 -1.81  -2.78   0.58   0.65   1.06   2.00   2.00   2.00 
ALA PRO
  2.00   2.00   0.10  -0.47   1.20   2.00   2.00   2.00 
  2.00   2.00   2.00   2.00   2.00   2.00   2.00   2.00 
 -0.41  -2.83   0.10   1.20   0.35   0.22   2.00   2.00 
ALA MET
  2.00   2.00   2.00   2.00   2.00   2.00   2.00   2.00 
  2.00   2.00   2.00   2.00   2.00   2.00   2.00   2.00 
 -1.54  -2.89   1.42   0.91   0.91   2.00   2.00   2.00 
ALA ASP
  2.00   2.00   0.80   0.45   2.00   2.00   2.00   2.00 
  2.00   2.00   2.00   2.00   2.00   2.00   2.00   2.00 
 -1.52  -2.82   0.34   0.80   2.00   2.00   2.00   2.00 
ALA ASN
  2.00   2.00   1.54   0.71   1.54   2.00   1.41   2.00 
  2.00   2.00   2.00   2.00   2.00   2.00   2.00   2.00 
 -1.52  -2.80   0.15   0.78   1.18   2.00   2.00   2.00 
ALA LEU
  2.00   2.00   2.00   2.00   2.00   2.00   2.00   2.00 
  2.00   2.00   2.00   2.00   2.00   2.00   2.00   2.00 
 -1.77  -2.81   0.48   1.01   1.26   2.00   2.00   2.00 
ALA LYS
  2.00   2.00   1.01   2.00   2.00   2.00   2.00   2.00 
  2.00   2.00   2.00   2.00   2.00   2.00   2.00   2.00 
 -1.62  -2.83   0.52   1.21   1.62   2.00   2.00   2.00 
ALA GLU
  2.00   2.00   1.78   1.70   2.00   2.00   2.00   2.00 
  2.00   2.00   2.00   2.00   2.00   2.00   2.00   2.00 
 -1.65  -2.86   0.86   1.70   1.49   2.00   2.00   2.00 
ALA GLN
  2.00   2.00   2.00   2.00   2.00   2.00   2.00   2.00 
  2.00   2.00   2.00   2.00   2.00   2.00   2.00   2.00 
 -1.68  -2.83   0.29   1.42   1.32   2.00   2.00   2.00 
ALA ARG
  2.00   2.00   2.00   2.00   2.00   2.00   2.00   2.00 
  2.00   2.00   2.00   2.00   2.00   2.00   2.00   2.00 
 -1.65  -2.84   0.34   1.44   1.52   2.00   2.00   2.00 
ALA HIS
  2.00   2.00   1.52   0.83   2.00   2.00   2.00   2.00 
  2.00   2.00   2.00   2.00   2.00   2.00   2.00   2.00 
 -1.60  -2.80   0.02   1.30   0.83   2.00   2.00   2.00 
ALA PHE
  2.00   2.00   2.00   2.00   2.00   2.00   2.00   2.00 
  2.00   2.00   2.00   2.00   2.00   2.00   2.00   2.00 
 -1.65  -2.83   0.24   0.74   1.96   2.00   2.00   2.00 
ALA TYR
  2.00   2.00   2.00   2.00   2.00   2.00   1.52   2.00 
  2.00   2.00   2.00   2.00   2.00   2.00   2.00   2.00 
 -1.47  -2.88   0.68   0.75   1.12   2.00   2.00   2.00 
ALA TRP
  2.00   2.00   0.80   2.00   2.00   2.00   2.00   2.00 
  2.00   2.00   2.00   2.00   2.00   2.00   2.00   2.00 
 -1.72  -2.79   0.11   0.80   1.90   2.00   2.00   2.00 
SER GLY
  2.00   1.66   0.97  -1.39  -1.31   0.97   0.56   2.00 
  2.00   2.00   2.00   2.00   2.00   2.00   2.00   2.00 
 -0.84  -2.22  -0.13   0.48   0.56   0.28   2.00   2.00 
SER ALA
  2.00   2.00   2.00   0.57   1.58   2.00   2.00   2.00 
  2.00   2.00   2.00   2.00   2.00   2.00   2.00   2.00 
 -1.50  -2.80   0.07   1.17   0.36   2.00   2.00   2.00 
SER SER
  2.00   2.00   1.49   1.16   1.49   2.00   1.49   2.00 
  2.00   2.00   2.00   2.00   2.00   2.00   2.00   2.00 
 -1.05  -2.85  -0.11   0.33   0.33   2.00   2.00   2.00 
SER CYS
  2.00   2.00   0.70   0.70   0.70   1.80   2.00   2.00 
  2.00   2.00   2.00   2.00   2.00   2.00   2.00   2.00 
 -1.57  -2.57  -0.60  -0.50   0.19   2.00   1.80   2.00 
SER VAL
  2.00   1.41   1.41   0.90   2.00   2.00   2.00   2.00 
  2.00   2.00   2.00   2.00   2.00   2.00   2.00   2.00 
 -1.65  -2.72  -0.16   0.26   0.50   2.00   2.00   2.00 
SER THR
  2.00   1.56   1.56   0.55   2.00   2.00   2.00   2.00 
  2.00   2.00   2.00   2.00   2.00   2.00   2.00   2.00 
 -1.02  -2.85  -0.27   0.39   0.55   2.00   2.00   2.00 
SER ILE
  2.00   2.00   1.22   2.00   2.00   2.00   2.00   2.00 
  2.00   2.00   2.00   2.00   2.00   2.00   2.00   2.00 
 -1.65  -2.73   0.17   0.12   0.27   1.37   2.00   2.00 
SER PRO
  2.00   2.00  -1.01  -1.91  -0.64   2.00   2.00   2.00 
  2.00   2.00   2.00   2.00   2.00   2.00   2.00   2.00 
 -0.05  -2.25   1.56   1.56  -0.05   0.46   2.00   2.00 
SER MET
  2.00   2.00   1.66   0.97   2.00   2.00   2.00   2.00 
  2.00   2.00   2.00   2.00   2.00   2.00   2.00   2.00 
 -1.50  -2.78   0.41  -0.05  -0.05   2.00   2.00   2.00 
SER ASP
  2.00   2.00   0.91   0.10   0.59   2.00   2.00   2.00 
  2.00   2.00   2.00   2.00   2.00   2.00   2.00   2.00 
 -1.31  -2.79   0.22   0.69   0.79   2.00   2.00   2.00 
SER ASN
  2.00   2.00   1.90   0.64   0.64   1.20   1.49   2.00 
  2.00   2.00   2.00   2.00   2.00   2.00   2.00   2.00 
 -1.54  -2.72  -0.30   0.80   0.98   1.90   2.00   2.00 
SER LEU
  2.00   2.00   1.77   1.08   2.00   2.00   2.00   2.00 
  2.00   2.00   2.00   2.00   2.00   2.00   2.00   2.00 
 -1.49  -2.79   0.05   0.19   0.33   2.00   2.00   2.00 
SER LYS
  2.00   2.00   2.00  -0.11   1.62   2.00   2.00   2.00 
  2.00   2.00   2.00   2.00   2.00   2.00   2.00   2.00 
 -1.53  -2.79   0.39   0.45   1.28   2.00   2.00   2.00 
SER GLU
  2.00   2.00   1.61   0.10   1.32   2.00   2.00   2.00 
  2.00   2.00   2.00   2.00   2.00   2.00   2.00   2.00 
 -1.48  -2.83   0.40   1.00   2.00   2.00   2.00   2.00 
SER GLN
  2.00   2.00   1.88   0.58   1.37   1.88   2.00   2.00 
  2.00   2.00   2.00   2.00   2.00   2.00   2.00   2.00 
 -1.56  -2.79   0.21   0.78   1.19   2.00   2.00   2.00 
SER ARG
  2.00   2.00   1.55   0.96   1.21   2.00   2.00   2.00 
  2.00   2.00   2.00   2.00   2.00   2.00   2.00   2.00 
 -1.73  -2.73   0.12   0.76   0.39   2.00   2.00   2.00 
SER HIS
  2.00   0.65   0.87   0.65   0.87   1.57   2.00   2.00 
  2.00   2.00   2.00   2.00   2.00   2.00   2.00   2.00 
 -1.21  -2.78  -0.30   0.31   1.16   2.00   2.00   2.00 
SER PHE
  2.00   2.00   1.05   1.05   2.00   2.00   1.74   2.00 
  2.00   2.00   2.00   2.00   2.00   2.00   2.00   2.00 
 -1.34  -2.76  -0.30  -0.11   0.35   2.00   2.00   2.00 
SER TYR
  2.00   2.00   1.99   0.49   2.00   1.99   2.00   2.00 
  2.00   2.00   2.00   2.00   2.00   2.00   2.00   2.00 
 -1.58  -2.72  -0.20  -0.09   0.74   2.00   1.99   2.00 
SER TRP
  2.00   2.00   1.25   1.94   2.00   2.00   1.94   2.00 
  2.00   2.00   2.00   2.00   2.00   2.00   2.00   2.00 
 -1.64  -2.71  -0.01  -0.26   0.15   2.00   2.00   2.00 
CYS GLY
  2.00   1.79  -0.51  -1.20  -0.98   0.18  -0.00   2.00 
  2.00   2.00   2.00   2.00   2.00   2.00   2.00   2.00 
 -0.00  -2.23  -0.29  -0.61   0.69   1.10   2.00   2.00 
CYS ALA
  2.00   2.00   1.55   1.15   2.00   2.00   1.55   2.00 
  2.00   2.00   2.00   2.00   2.00   2.00   2.00   2.00 
 -1.51  -2.80  -0.39   0.46   2.00   2.00   2.00   2.00 
CYS SER
  2.00   2.00  -0.52   0.68   1.08   1.78   1.08   2.00 
  2.00   2.00   2.00   2.00   2.00   2.00   2.00   2.00 
 -0.86  -2.66  -0.71   0.39  -0.17   1.78   1.78   2.00 
CYS CYS
  2.00  -0.12  -0.63  -0.12   2.00   0.98   2.00   2.00 
  2.00   2.00   2.00   2.00   2.00   2.00   2.00   2.00 
 -1.42  -2.45  -0.63  -0.12   0.29   2.00   2.00   2.00 
CYS VAL
  2.00   2.00   0.73   2.00   2.00   2.00   2.00   2.00 
  2.00   2.00   2.00   2.00   2.00   2.00   2.00   2.00 
 -1.72  -2.75  -0.11   0.73   0.45   2.00   2.00   2.00 
CYS THR
  2.00   1.49   0.11   0.80   2.00   2.00   1.49   2.00 
  2.00   2.00   2.00   2.00   2.00   2.00   2.00   2.00 
 -1.50  -2.62  -0.58  -0.30   0.40   1.49   2.00   2.00 
CYS ILE
  2.00   0.16   2.00   2.00   2.00   2.00   2.00   2.00 
  2.00   2.00   2.00   2.00   2.00   2.00   2.00   2.00 
 -1.66  -2.71   0.16   0.16   0.38   1.08   1.77   2.00 
CYS PRO
  2.00   2.00  -1.32  -1.50   2.00   2.00   2.00   2.00 
  2.00   2.00   2.00   2.00   2.00   2.00   2.00   2.00 
 -0.41  -2.35   0.29   2.00  -0.41  -0.41   2.00   2.00 
CYS MET
  2.00   2.00   2.00   2.00   2.00   2.00   2.00   2.00 
  2.00   2.00   2.00   2.00   2.00   2.00   2.00   2.00 
 -1.32  -2.87   2.00  -0.06  -0.47   2.00   2.00   2.00 
CYS ASP
  2.00   0.77   0.37   0.77   1.47   2.00   1.47   2.00 
  2.00   2.00   2.00   2.00   2.00   2.00   2.00   2.00 
 -1.58  -2.64   0.08   0.08  -0.14   2.00   2.00   2.00 
CYS ASN
  2.00   1.24   0.14   2.00   1.24   2.00   1.24   2.00 
  2.00   2.00   2.00   2.00   2.00   2.00   2.00   2.00 
 -1.40  -2.78   0.14   0.55   1.24   1.24   2.00   2.00 
CYS LEU
  2.00   2.00   1.00   2.00   2.00   2.00   2.00   2.00 
  2.00   2.00   2.00   2.00   2.00   2.00   2.00   2.00 
 -1.64  -2.76  -0.09   0.19   0.44   2.00   2.00   2.00 
CYS LYS
  2.00   2.00   0.56   1.95   2.00   2.00   2.00   2.00 
  2.00   2.00   2.00   2.00   2.00   2.00   2.00   2.00 
 -1.74  -2.74  -0.00   0.56   1.25   1.25   2.00   2.00 
CYS GLU
  2.00   2.00   0.68   0.97   1.38   2.00   2.00   2.00 
  2.00   2.00   2.00   2.00   2.00   2.00   2.00   2.00 
 -1.69  -2.78   0.68   2.00   0.97   2.00   2.00   2.00 
CYS GLN
  2.00   1.63   0.93  -0.17   2.00   2.00   2.00   2.00 
  2.00   2.00   2.00   2.00   2.00   2.00   2.00   2.00 
 -1.51  -2.70   0.24   0.02   0.02   2.00   2.00   2.00 
CYS ARG
  2.00   2.00   1.88   1.19   1.88   2.00   2.00   2.00 
  2.00   2.00   2.00   2.00   2.00   2.00   2.00   2.00 
 -1.65  -2.69  -0.20   0.09  -0.07   1.19   2.00   2.00 
CYS HIS
  2.00   1.31   0.62   1.31   0.62   2.00   2.00   2.00 
  2.00   2.00   2.00   2.00   2.00   2.00   2.00   2.00 
 -1.25  -2.71  -0.99   1.31   0.62   1.31   2.00   2.00 
CYS PHE
  2.00   2.00   1.28   0.58   2.00   2.00   2.00   2.00 
  2.00   2.00   2.00   2.00   2.00   2.00   2.00   2.00 
 -1.29  -2.78  -0.52   0.18   0.58   1.28   2.00   2.00 
CYS TYR
  2.00   2.00   1.11   0.01   2.00   2.00   1.11   2.00 
  2.00   2.00   2.00   2.00   2.00   2.00   2.00   2.00 
 -1.37  -2.74   0.42  -0.50   0.42   2.00   2.00   2.00 
CYS TRP
  2.00   2.00   0.29   2.00   2.00   2.00   2.00   2.00 
  2.00   2.00   2.00   2.00   2.00   2.00   2.00   2.00 
 -1.50  -2.71  -1.10   2.00   0.29   2.00   2.00   2.00 
VAL GLY
  2.00   2.00  -0.17  -0.34  -0.48   1.37   1.55   2.00 
  2.00   2.00   2.00   2.00   2.00   2.00   2.00   2.00 
 -1.16  -2.67   0.59   1.21   0.67   1.21   2.00   2.00 
VAL ALA
  2.00   2.00   2.00   2.00   2.00   2.00   2.00   2.00 
  2.00   2.00   2.00   2.00   2.00   2.00   2.00   2.00 
 -1.55  -2.87   0.78   1.06   1.11   2.00   2.00   2.00 
VAL SER
  2.00   1.89   0.38   1.89   2.00   2.00   2.00   2.00 
  2.00   2.00   2.00   2.00   2.00   2.00   2.00   2.00 
 -1.37  -2.83   0.01   0.79   0.87   1.89   2.00   2.00 
VAL CYS
  2.00   2.00   1.33   2.00   2.00   2.00   2.00   2.00 
  2.00   2.00   2.00   2.00   2.00   2.00   2.00   2.00 
 -1.45  -2.77  -0.69   1.33  -0.06   2.00   2.00   2.00 
VAL VAL
  2.00   2.00   0.71   2.00   2.00   2.00   2.00   2.00 
  2.00   2.00   2.00   2.00   2.00   2.00   2.00   2.00 
 -1.84  -2.75   0.64   0.85   0.93   2.00   2.00   2.00 
VAL THR
  2.00   2.00   0.83   2.00   2.00   2.00   2.00   2.00 
  2.00   2.00   2.00   2.00   2.00   2.00   2.00   2.00 
 -1.35  -2.85  -0.07   2.00   0.62   1.92   1.64   2.00 
VAL ILE
  2.00   2.00   1.63   2.00   2.00   2.00   2.00   2.00 
  2.00   2.00   2.00   2.00   2.00   2.00   2.00   2.00 
 -1.72  -2.75   0.06   0.19   1.04   2.00   2.00   2.00 
VAL PRO
  2.00   2.00  -1.03  -0.58   2.00   2.00   2.00   2.00 
  2.00   2.00   2.00   2.00   2.00   2.00   2.00   2.00 
 -0.90  -2.74   0.58   2.00   0.58   1.09   2.00   2.00 
VAL MET
  2.00   2.00   1.21   2.00   2.00   2.00   2.00   2.00 
  2.00   2.00   2.00   2.00   2.00   2.00   2.00   2.00 
 -1.72  -2.81   0.52   0.52   1.90   2.00   2.00   2.00 
VAL ASP
  2.00   2.00   0.33   1.33   2.00   2.00   2.00   2.00 
  2.00   2.00   2.00   2.00   2.00   2.00   2.00   2.00 
 -1.56  -2.81   0.28   0.79   2.00   2.00   2.00   2.00 
VAL ASN
  2.00   2.00   0.45   1.01   1.48   2.00   1.99   2.00 
  2.00   2.00   2.00   2.00   2.00   2.00   2.00   2.00 
 -1.45  -2.82   0.31   1.70   1.14   1.99   2.00   2.00 
VAL LEU
  2.00   2.00   1.68   2.00   2.00   2.00   2.00   2.00 
  2.00   2.00   2.00   2.00   2.00   2.00   2.00   2.00 
 -1.73  -2.80   0.07   0.93   1.58   2.00   2.00   2.00 
VAL LYS
  2.00   2.00   0.85   1.32   2.00   2.00   2.00   2.00 
  2.00   2.00   2.00   2.00   2.00   2.00   2.00   2.00 
 -1.57  -2.83   0.25   1.05   1.54   2.00   2.00   2.00 
VAL GLU
  2.00   2.00   1.32   1.86   2.00   2.00   2.00   2.00 
  2.00   2.00   2.00   2.00   2.00   2.00   2.00   2.00 
 -1.59  -2.88   0.76   1.50   2.00   2.00   2.00   2.00 
VAL GLN
  2.00   2.00   1.58   1.24   2.00   2.00   2.00   2.00 
  2.00   2.00   2.00   2.00   2.00   2.00   2.00   2.00 
 -1.68  -2.84   1.58   1.24   2.00   2.00   2.00   2.00 
VAL ARG
  2.00   2.00   2.00   1.65   2.00   2.00   2.00   2.00 
  2.00   2.00   2.00   2.00   2.00   2.00   2.00   2.00 
 -1.63  -2.86   0.87   1.24   2.00   2.00   2.00   2.00 
VAL HIS
  2.00   1.56   0.17   1.56   1.56   2.00   2.00   2.00 
  2.00   2.00   2.00   2.00   2.00   2.00   2.00   2.00 
 -1.49  -2.81  -0.23   2.00   2.00   2.00   2.00   2.00 
VAL PHE
  2.00   1.86   1.35   2.00   2.00   2.00   2.00   2.00 
  2.00   2.00   2.00   2.00   2.00   2.00   2.00   2.00 
 -1.61  -2.80   0.06   0.39   1.16   2.00   2.00   2.00 
VAL TYR
  2.00   2.00   0.65   2.00   2.00   2.00   2.00   2.00 
  2.00   2.00   2.00   2.00   2.00   2.00   2.00   2.00 
 -1.58  -2.83  -0.11   2.00   2.00   1.90   2.00   2.00 
VAL TRP
  2.00   1.80   1.11   2.00   2.00   2.00   2.00   2.00 
  2.00   2.00   2.00   2.00   2.00   2.00   2.00   2.00 
 -1.84  -2.71  -0.40   1.11   1.11   2.00   2.00   2.00 
THR GLY
  2.00   1.97   0.87  -1.90  -1.14   1.97   2.00   2.00 
  2.00   2.00   2.00   2.00   2.00   2.00   2.00   2.00 
 -0.84  -2.19   0.30   0.99   0.43   0.77   2.00   2.00 
THR ALA
  2.00   2.00   2.00   0.95   1.79   2.00   2.00   2.00 
  2.00   2.00   2.00   2.00   2.00   2.00   2.00   2.00 
 -1.55  -2.82   0.49   1.10   0.59   2.00   2.00   2.00 
THR SER
  2.00   1.17   1.68   0.38   2.00   2.00   2.00   2.00 
  2.00   2.00   2.00   2.00   2.00   2.00   2.00   2.00 
 -0.98  -2.76  -0.40   0.22  -0.55   1.17   2.00   2.00 
THR CYS
  2.00   1.55   0.86   1.55   0.86   2.00   2.00   1.55 
  2.00   2.00   2.00   2.00   2.00   2.00   2.00   2.00 
 -1.22  -2.77  -0.65   0.45   0.45   2.00   2.00   2.00 
THR VAL
  2.00   1.54   0.85   0.75   1.36   2.00   2.00   2.00 
  2.00   2.00   2.00   2.00   2.00   2.00   2.00   2.00 
 -1.72  -2.71  -0.07   0.75   0.75   2.00   2.00   2.00 
THR THR
  2.00   1.62   2.00   0.41   1.62   2.00   2.00   2.00 
  2.00   2.00   2.00   2.00   2.00   2.00   2.00   2.00 
 -1.60  -2.74   0.15   0.52   0.32   2.00   2.00   2.00 
THR ILE
  2.00   1.67   2.00   1.67   2.00   2.00   2.00   2.00 
  2.00   2.00   2.00   2.00   2.00   2.00   2.00   2.00 
 -1.88  -2.69  -0.08   0.75   0.75   2.00   2.00   2.00 
THR PRO
  2.00   2.00  -0.73  -1.66  -0.11   2.00   1.14   2.00 
  2.00   2.00   2.00   2.00   2.00   2.00   2.00   2.00 
 -0.36  -2.52   1.83   2.00   1.83   0.04   2.00   2.00 
THR MET
  2.00   2.00   2.00   1.17   0.89   2.00   2.00   2.00 
  2.00   2.00   2.00   2.00   2.00   2.00   2.00   2.00 
 -1.44  -2.77  -0.12   0.33  -0.03   2.00   2.00   2.00 
THR ASP
  2.00   2.00   0.64  -0.05   0.52   2.00   1.62   2.00 
  2.00   2.00   2.00   2.00   2.00   2.00   2.00   2.00 
 -1.21  -2.74  -0.46   0.42   1.11   2.00   2.00   2.00 
THR ASN
  2.00   1.32   1.72   0.02   0.22   1.72   2.00   2.00 
  2.00   2.00   2.00   2.00   2.00   2.00   2.00   2.00 
 -1.43  -2.65  -0.22   0.62  -0.29   2.00   2.00   2.00 
THR LEU
  2.00   2.00   2.00   1.12   2.00   2.00   2.00   2.00 
  2.00   2.00   2.00   2.00   2.00   2.00   2.00   2.00 
 -1.60  -2.79   0.17   0.54   0.84   2.00   2.00   2.00 
THR LYS
  2.00   1.92   1.92   0.19   1.41   2.00   2.00   2.00 
  2.00   2.00   2.00   2.00   2.00   2.00   2.00   2.00 
 -1.56  -2.77   0.38   0.54   0.94   1.63   2.00   2.00 
THR GLU
  2.00   2.00   1.60   0.57   0.81   2.00   2.00   2.00 
  2.00   2.00   2.00   2.00   2.00   2.00   2.00   2.00 
 -1.60  -2.74  -0.29   1.42   1.26   1.60   2.00   2.00 
THR GLN
  2.00   2.00   2.00   0.85   1.41   2.00   2.00   2.00 
  2.00   2.00   2.00   2.00   2.00   2.00   2.00   2.00 
 -1.52  -2.82   0.16   0.85   1.00   2.00   2.00   2.00 
THR ARG
  2.00   1.51   0.95   0.82   2.00   2.00   2.00   2.00 
  2.00   2.00   2.00   2.00   2.00   2.00   2.00   2.00 
 -1.39  -2.81   0.19   0.50   0.41   2.00   2.00   2.00 
THR HIS
  2.00   2.00   1.40   0.15   1.40   1.40   2.00   2.00 
  2.00   2.00   2.00   2.00   2.00   2.00   2.00   2.00 
 -1.34  -2.73   0.02  -0.30   0.49   2.00   2.00   2.00 
THR PHE
  2.00   1.58   1.29   1.99   2.00   2.00   2.00   2.00 
  2.00   2.00   2.00   2.00   2.00   2.00   2.00   2.00 
 -1.60  -2.71  -0.50  -0.09   0.60   2.00   2.00   2.00 
THR TYR
  2.00   2.00   2.00   1.04   1.73   2.00   2.00   2.00 
  2.00   2.00   2.00   2.00   2.00   2.00   2.00   2.00 
 -1.42  -2.80  -0.21   0.35   1.04   1.33   2.00   2.00 
THR TRP
  2.00   0.79   1.20   1.89   2.00   2.00   0.79   2.00 
  2.00   2.00   2.00   2.00   2.00   2.00   2.00   2.00 
 -1.61  -2.76   0.28   0.10   1.89   2.00   2.00   2.00 
ILE GLY
  2.00   2.00  -0.19  -0.53  -0.65   1.67   1.89   2.00 
  2.00   2.00   2.00   2.00   2.00   2.00   2.00   2.00 
 -1.22  -2.61   0.51   1.67   0.72   1.33   1.89   2.00 
ILE ALA
  2.00   2.00   1.59   2.00   2.00   2.00   2.00   2.00 
  2.00   2.00   2.00   2.00   2.00   2.00   2.00   2.00 
 -1.47  -2.88   0.59   0.69   1.28   2.00   2.00   2.00 
ILE SER
  2.00   1.86   0.94   2.00   2.00   2.00   2.00   2.00 
  2.00   2.00   2.00   2.00   2.00   2.00   2.00   2.00 
 -1.31  -2.90   0.47   1.30   1.04   2.00   2.00   2.00 
ILE CYS
  2.00   2.00   0.43   1.82   2.00   2.00   2.00   2.00 
  2.00   2.00   2.00   2.00   2.00   2.00   2.00   2.00 
 -1.71  -2.77   1.13   0.72   0.43   1.13   2.00   2.00 
ILE VAL
  2.00   1.60   1.01   2.00   2.00   2.00   2.00   2.00 
  2.00   2.00   2.00   2.00   2.00   2.00   2.00   2.00 
 -1.66  -2.80   0.08   1.13   1.27   2.00   2.00   2.00 
ILE THR
  2.00   1.39   0.05   1.90   2.00   2.00   2.00   2.00 
  2.00   2.00   2.00   2.00   2.00   2.00   2.00   2.00 
 -1.24  -2.87   0.16   0.92   1.39   2.00   2.00   2.00 
ILE ILE
  2.00   1.79   2.00   2.00   2.00   2.00   2.00   2.00 
  2.00   2.00   2.00   2.00   2.00   2.00   2.00   2.00 
 -1.63  -2.85   0.54   1.39   1.57   2.00   2.00   2.00 
ILE PRO
  2.00   2.00  -0.94  -0.90   1.54   2.00   2.00   2.00 
  2.00   2.00   2.00   2.00   2.00   2.00   2.00   2.00 
 -0.81  -2.76   1.54   2.00   1.13   2.00   2.00   2.00 
ILE MET
  2.00   2.00   2.00   2.00   2.00   2.00   2.00   2.00 
  2.00   2.00   2.00   2.00   2.00   2.00   2.00   2.00 
 -1.68  -2.85   0.57   1.67   1.67   2.00   2.00   2.00 
ILE ASP
  2.00   2.00   0.66   0.41   1.35   1.91   2.00   2.00 
  2.00   2.00   2.00   2.00   2.00   2.00   2.00   2.00 
 -1.49  -2.81   0.21   1.51   2.00   1.69   2.00   2.00 
ILE ASN
  2.00   1.97   0.12   1.12   0.98   2.00   1.97   2.00 
  2.00   2.00   2.00   2.00   2.00   2.00   2.00   2.00 
 -1.56  -2.77   0.29   1.27   1.68   2.00   2.00   2.00 
ILE LEU
  2.00   2.00   1.87   2.00   2.00   2.00   2.00   2.00 
  2.00   2.00   2.00   2.00   2.00   2.00   2.00   2.00 
 -1.58  -2.86   0.48   0.77   1.18   2.00   2.00   2.00 
ILE LYS
  2.00   2.00   1.08   1.26   2.00   2.00   2.00   2.00 
  2.00   2.00   2.00   2.00   2.00   2.00   2.00   2.00 
 -1.76  -2.79   1.08   0.73   1.62   2.00   2.00   2.00 
ILE GLU
  2.00   2.00   1.33   1.84   2.00   2.00   2.00   2.00 
  2.00   2.00   2.00   2.00   2.00   2.00   2.00   2.00 
 -1.59  -2.85   0.34   1.43   2.00   2.00   2.00   2.00 
ILE GLN
  2.00   2.00   1.79   2.00   2.00   2.00   2.00   2.00 
  2.00   2.00   2.00   2.00   2.00   2.00   2.00   2.00 
 -1.73  -2.81   0.23   1.09   1.79   2.00   2.00   2.00 
ILE ARG
  2.00   2.00   1.42   2.00   2.00   2.00   2.00   2.00 
  2.00   2.00   2.00   2.00   2.00   2.00   2.00   2.00 
 -1.64  -2.83   0.32   1.06   2.00   1.98   2.00   2.00 
ILE HIS
  2.00   2.00   0.61   1.12   2.00   2.00   2.00   2.00 
  2.00   2.00   2.00   2.00   2.00   2.00   2.00   2.00 
 -1.49  -2.86   1.12   0.61   1.53   2.00   2.00   2.00 
ILE PHE
  2.00   2.00   1.14   2.00   2.00   2.00   2.00   2.00 
  2.00   2.00   2.00   2.00   2.00   2.00   2.00   2.00 
 -1.73  -2.77  -0.14   0.67   2.00   2.00   2.00   2.00 
ILE TYR
  2.00   2.00   0.23   2.00   2.00   1.93   1.93   2.00 
  2.00   2.00   2.00   2.00   2.00   2.00   2.00   2.00 
 -1.58  -2.78   0.14   0.32   1.93   2.00   2.00   2.00 
ILE TRP
  2.00   1.75   1.75   2.00   2.00   2.00   2.00   2.00 
  2.00   2.00   2.00   2.00   2.00   2.00   2.00   2.00 
 -1.55  -2.74  -0.65   0.14   1.06   1.75   1.75   2.00 
PRO GLY
  2.00   2.00   1.27   0.86   1.96   2.00   0.86   1.27 
  2.00   2.00   2.00   2.00   2.00   2.00   2.00   2.00 
 -0.81  -2.87  -0.34   1.96   1.27   1.27   0.86   2.00 
PRO ALA
  2.00   2.00   1.65  -0.23   2.00   2.00   2.00   2.00 
  2.00   2.00   2.00   2.00   2.00   2.00   2.00   2.00 
 -0.86  -2.94   0.14   2.00   2.00   2.00   2.00   2.00 
PRO SER
  2.00   2.00   1.66   0.16   2.00   2.00   2.00   1.66 
  2.00   2.00   2.00   2.00   2.00   2.00   2.00   2.00 
 -0.48  -2.98  -0.13   1.66   2.00   2.00   2.00   2.00 
PRO CYS
  2.00   0.65   2.00  -0.04   0.65   2.00   2.00   2.00 
  2.00   2.00   2.00   2.00   2.00   2.00   2.00   2.00 
 -0.45  -2.90  -0.45   2.00   0.65   2.00   2.00   2.00 
PRO VAL
  2.00   0.84   0.15   0.66   2.00   2.00   2.00   2.00 
  2.00   2.00   2.00   2.00   2.00   2.00   2.00   2.00 
 -1.24  -2.81  -0.19   1.76   1.07   2.00   2.00   2.00 
PRO THR
  2.00   1.44   0.19   1.04   2.00   2.00   2.00   2.00 
  2.00   2.00   2.00   2.00   2.00   2.00   2.00   2.00 
 -1.20  -2.88  -0.17   2.00   2.00   2.00   2.00   2.00 
PRO ILE
  2.00   1.51   0.41  -0.19   2.00   2.00   2.00   2.00 
  2.00   2.00   2.00   2.00   2.00   2.00   2.00   2.00 
 -1.23  -2.82  -0.28   2.00   2.00   2.00   2.00   2.00 
PRO PRO
  2.00   2.00   2.00  -1.77  -0.31   2.00   2.00   2.00 
  2.00   2.00   2.00   2.00   2.00   2.00   2.00   2.00 
 -1.00  -2.54  -0.31   2.00   2.00   2.00   2.00   2.00 
PRO MET
  2.00   0.38   2.00   0.38   2.00   2.00   2.00   2.00 
  2.00   2.00   2.00   2.00   2.00   2.00   2.00   2.00 
 -1.36  -2.84  -0.13   0.78   2.00   2.00   2.00   2.00 
PRO ASP
  2.00   2.00   2.00   2.00   2.00   2.00   1.71   2.00 
  2.00   2.00   2.00   2.00   2.00   2.00   2.00   2.00 
 -0.37  -3.01  -0.49   2.00   2.00   2.00   2.00   2.00 
PRO ASN
  2.00   2.00   0.75   0.24   2.00   1.85   0.75   1.85 
  2.00   2.00   2.00   2.00   2.00   2.00   2.00   2.00 
 -1.04  -2.78  -0.99   1.85   1.85   2.00   2.00   2.00 
PRO LEU
  2.00   2.00   1.43   0.27   2.00   2.00   2.00   2.00 
  2.00   2.00   2.00   2.00   2.00   2.00   2.00   2.00 
 -1.12  -2.92  -0.18   2.00   2.00   2.00   2.00   2.00 
PRO LYS
  2.00   1.64   0.54   0.13   1.23   2.00   2.00   2.00 
  2.00   2.00   2.00   2.00   2.00   2.00   2.00   2.00 
 -0.56  -2.94  -0.07   2.00   2.00   1.64   2.00   2.00 
PRO GLU
  2.00   2.00   2.00   0.44   2.00   2.00   2.00   2.00 
  2.00   2.00   2.00   2.00   2.00   2.00   2.00   2.00 
 -0.36  -3.01  -0.41   2.00   2.00   2.00   2.00   2.00 
PRO GLN
  2.00   2.00   1.64   0.73   2.00   2.00   2.00   2.00 
  2.00   2.00   2.00   2.00   2.00   2.00   2.00   2.00 
 -1.22  -2.94   0.14   2.00   2.00   2.00   2.00   2.00 
PRO ARG
  2.00   2.00   1.55   0.46   2.00   2.00   2.00   2.00 
  2.00   2.00   2.00   2.00   2.00   2.00   2.00   2.00 
 -0.64  -2.96  -0.53   2.00   2.00   2.00   2.00   2.00 
PRO HIS
  2.00   2.00   0.90   0.90   1.59   2.00   1.59   2.00 
  2.00   2.00   2.00   2.00   2.00   2.00   2.00   2.00 
 -1.05  -2.86  -0.35   1.59   2.00   0.49   1.59   2.00 
PRO PHE
  2.00   2.00   1.05   1.05   2.00   2.00   2.00   2.00 
  2.00   2.00   2.00   2.00   2.00   2.00   2.00   2.00 
 -1.18  -2.94  -0.05   2.00   2.00   2.00   2.00   2.00 
PRO TYR
  2.00   2.00   0.22   0.92   2.00   2.00   2.00   2.00 
  2.00   2.00   2.00   2.00   2.00   2.00   2.00   2.00 
 -0.76  -2.91  -0.55   1.32   2.00   2.00   2.00   2.00 
PRO TRP
  2.00   2.00   2.00   2.00   1.34   2.00   2.00   2.00 
  2.00   2.00   2.00   2.00   2.00   2.00   2.00   2.00 
 -0.96  -2.82  -1.36   2.00   0.65   2.00   2.00   2.00 
MET GLY
  2.00   2.00   1.36  -0.25  -1.04   0.85   2.00   2.00 
  2.00   2.00   2.00   2.00   2.00   2.00   2.00   2.00 
 -1.20  -2.58   0.16   0.51   0.51   0.67   2.00   2.00 
MET ALA
  2.00   2.00   2.00   2.00   2.00   2.00   2.00   2.00 
  2.00   2.00   2.00   2.00   2.00   2.00   2.00   2.00 
 -1.51  -2.88   0.51   1.07   1.07   2.00   2.00   2.00 
MET SER
  2.00   2.00   1.19   1.59   2.00   1.59   2.00   2.00 
  2.00   2.00   2.00   2.00   2.00   2.00   2.00   2.00 
 -1.33  -2.79  -0.35   0.21   0.49   2.00   1.59   2.00 
MET CYS
  2.00   2.00   2.00   2.00   2.00   2.00   2.00   2.00 
  2.00   2.00   2.00   2.00   2.00   2.00   2.00   2.00 
 -1.06  -2.86  -0.22  -0.22  -0.22   2.00   2.00   2.00 
MET VAL
  2.00   2.00   1.79   2.00   2.00   2.00   2.00   2.00 
  2.00   2.00   2.00   2.00   2.00   2.00   2.00   2.00 
 -1.80  -2.80   1.38   0.08   2.00   2.00   2.00   2.00 
MET THR
  2.00   0.95   0.26   2.00   2.00   2.00   2.00   2.00 
  2.00   2.00   2.00   2.00   2.00   2.00   2.00   2.00 
 -1.22  -2.80  -0.30   0.14   0.73   1.65   2.00   2.00 
MET ILE
  2.00   2.00   1.75   2.00   2.00   2.00   2.00   2.00 
  2.00   2.00   2.00   2.00   2.00   2.00   2.00   2.00 
 -1.63  -2.80  -0.26   0.25   1.75   2.00   2.00   2.00 
MET PRO
  2.00   2.00  -0.94  -1.15   2.00   2.00   2.00   2.00 
  2.00   2.00   2.00   2.00   2.00   2.00   2.00   2.00 
  0.15  -2.77   0.15   1.25   1.25   2.00   2.00   2.00 
MET MET
  2.00   2.00   2.00   1.87   1.87   2.00   2.00   2.00 
  2.00   2.00   2.00   2.00   2.00   2.00   2.00   2.00 
 -1.77  -2.78   0.26   0.26   1.87   2.00   2.00   2.00 
MET ASP
  2.00   1.73   2.00   0.64   2.00   2.00   2.00   2.00 
  2.00   2.00   2.00   2.00   2.00   2.00   2.00   2.00 
 -1.33  -2.88   0.23   0.82   1.33   2.00   2.00   2.00 
MET ASN
  2.00   0.73   2.00   0.32   0.73   0.32   2.00   2.00 
  2.00   2.00   2.00   2.00   2.00   2.00   2.00   2.00 
 -1.50  -2.76   2.00   0.73   0.73   2.00   2.00   2.00 
MET LEU
  2.00   2.00   2.00   2.00   2.00   2.00   2.00   2.00 
  2.00   2.00   2.00   2.00   2.00   2.00   2.00   2.00 
 -1.72  -2.80   0.52   0.52   0.66   2.00   2.00   2.00 
MET LYS
  2.00   1.72   1.44   1.72   2.00   2.00   2.00   2.00 
  2.00   2.00   2.00   2.00   2.00   2.00   2.00   2.00 
 -1.49  -2.84   0.34   0.88   0.63   2.00   2.00   2.00 
MET GLU
  2.00   2.00   1.21   1.72   2.00   2.00   2.00   2.00 
  2.00   2.00   2.00   2.00   2.00   2.00   2.00   2.00 
 -1.63  -2.83   0.74   1.02   1.21   2.00   2.00   2.00 
MET GLN
  2.00   2.00   1.11   2.00   2.00   2.00   2.00   2.00 
  2.00   2.00   2.00   2.00   2.00   2.00   2.00   2.00 
 -1.48  -2.86   0.41   0.60   1.11   1.51   2.00   2.00 
MET ARG
  2.00   2.00   2.00   2.00   1.89   2.00   2.00   2.00 
  2.00   2.00   2.00   2.00   2.00   2.00   2.00   2.00 
 -1.56  -2.83   0.10   0.80   0.80   2.00   1.89   2.00 
MET HIS
  2.00   1.41   1.41   1.41   2.00   1.41   1.41   2.00 
  2.00   2.00   2.00   2.00   2.00   2.00   2.00   2.00 
 -1.85  -2.74   0.31   2.00   1.41   2.00   2.00   2.00 
MET PHE
  2.00   2.00   1.35   2.00   2.00   2.00   2.00   2.00 
  2.00   2.00   2.00   2.00   2.00   2.00   2.00   2.00 
 -1.36  -2.87   0.43   0.10   0.94   2.00   2.00   2.00 
MET TYR
  2.00   2.00   1.81   0.71   2.00   2.00   1.12   2.00 
  2.00   2.00   2.00   2.00   2.00   2.00   2.00   2.00 
 -1.68  -2.76   0.02   1.12   0.71   2.00   2.00   2.00 
MET TRP
  2.00   2.00   2.00   2.00   2.00   2.00   0.79   2.00 
  2.00   2.00   2.00   2.00   2.00   2.00   2.00   2.00 
 -1.40  -2.87   0.10   0.79   0.79   2.00   2.00   2.00 
ASP GLY
  2.00   2.00   0.41  -0.73  -1.01   0.53  -0.23   1.91 
  2.00   2.00   2.00   2.00   2.00   2.00   2.00   2.00 
 -0.98  -2.44   0.30   0.66   0.21   1.51   1.91   2.00 
ASP ALA
  2.00   2.00   1.63   1.12   2.00   2.00   2.00   2.00 
  2.00   2.00   2.00   2.00   2.00   2.00   2.00   2.00 
 -1.60  -2.81   0.61   0.65   0.69   2.00   2.00   2.00 
ASP SER
  2.00   2.00   1.52   0.19   1.11   2.00   2.00   2.00 
  2.00   2.00   2.00   2.00   2.00   2.00   2.00   2.00 
 -1.11  -2.74  -0.59   0.26  -0.04   1.29   2.00   2.00 
ASP CYS
  2.00   1.75   1.75   2.00   2.00   1.75   1.06   2.00 
  2.00   2.00   2.00   2.00   2.00   2.00   2.00   2.00 
 -1.20  -2.75  -0.04  -0.45  -0.20   1.06   2.00   2.00 
ASP VAL
  2.00   2.00   1.45   1.32   2.00   2.00   2.00   2.00 
  2.00   2.00   2.00   2.00   2.00   2.00   2.00   2.00 
 -1.68  -2.70  -0.04  -0.07   0.31   1.32   2.00   2.00 
ASP THR
  2.00   2.00   2.00   0.84   2.00   1.69   2.00   2.00 
  2.00   2.00   2.00   2.00   2.00   2.00   2.00   2.00 
 -1.52  -2.79   0.22   0.22   0.30   2.00   2.00   2.00 
ASP ILE
  2.00   2.00   1.37   1.66   2.00   2.00   2.00   2.00 
  2.00   2.00   2.00   2.00   2.00   2.00   2.00   2.00 
 -1.75  -2.66  -0.11  -0.29   0.12   1.84   2.00   2.00 
ASP PRO
  2.00   2.00  -1.64  -2.27   1.10   2.00   0.69   2.00 
  2.00   2.00   2.00   2.00   2.00   2.00   2.00   2.00 
  0.18  -1.43   1.79   2.00   0.69  -0.98   2.00   2.00 
ASP MET
  2.00   2.00   2.00   1.12   2.00   2.00   2.00   2.00 
  2.00   2.00   2.00   2.00   2.00   2.00   2.00   2.00 
 -1.62  -2.79   0.02   0.72   0.21   2.00   2.00   2.00 
ASP ASP
  2.00   2.00   1.08   1.08   1.41   2.00   1.64   2.00 
  2.00   2.00   2.00   2.00   2.00   2.00   2.00   2.00 
 -1.43  -2.82   0.03   0.83   0.94   2.00   2.00   2.00 
ASP ASN
  2.00   2.00   1.50   0.52   0.65   0.80   0.80   1.90 
  2.00   2.00   2.00   2.00   2.00   2.00   2.00   2.00 
 -1.19  -2.76  -0.24   1.50   0.29   1.50   2.00   2.00 
ASP LEU
  2.00   2.00   1.81   1.81   2.00   2.00   2.00   2.00 
  2.00   2.00   2.00   2.00   2.00   2.00   2.00   2.00 
 -1.61  -2.76  -0.00   0.13   0.23   2.00   2.00   2.00 
ASP LYS
  2.00   2.00   1.66   0.49   2.00   2.00   2.00   2.00 
  2.00   2.00   2.00   2.00   2.00   2.00   2.00   2.00 
 -1.58  -2.78   0.13   0.70   0.56   2.00   2.00   2.00 
ASP GLU
  2.00   2.00   0.88   0.59   2.00   2.00   2.00   2.00 
  2.00   2.00   2.00   2.00   2.00   2.00   2.00   2.00 
 -1.49  -2.85   0.75   1.28   1.28   2.00   2.00   2.00 
ASP GLN
  2.00   2.00   1.75   0.65   2.00   2.00   2.00   2.00 
  2.00   2.00   2.00   2.00   2.00   2.00   2.00   2.00 
 -1.64  -2.83   0.90   1.75   1.24   2.00   2.00   2.00 
ASP ARG
  2.00   2.00   1.30   0.38   2.00   2.00   2.00   2.00 
  2.00   2.00   2.00   2.00   2.00   2.00   2.00   2.00 
 -1.52  -2.79   0.20   1.01   0.60   1.48   2.00   2.00 
ASP HIS
  2.00   2.00   2.00   0.90   2.00   2.00   1.30   2.00 
  2.00   2.00   2.00   2.00   2.00   2.00   2.00   2.00 
 -1.53  -2.76  -0.40   0.61   0.39   1.30   2.00   2.00 
ASP PHE
  2.00   2.00   2.00   1.04   2.00   2.00   2.00   2.00 
  2.00   2.00   2.00   2.00   2.00   2.00   2.00   2.00 
 -1.31  -2.82  -0.19  -0.01   0.79   2.00   2.00   2.00 
ASP TYR
  2.00   2.00   1.86   1.17   2.00   2.00   2.00   2.00 
  2.00   2.00   2.00   2.00   2.00   2.00   2.00   2.00 
 -1.55  -2.70  -0.26  -0.13   0.07   1.57   2.00   2.00 
ASP TRP
  2.00   2.00   0.27   2.00   2.00   2.00   2.00   2.00 
  2.00   2.00   2.00   2.00   2.00   2.00   2.00   2.00 
 -1.52  -2.68  -0.50   0.45   0.27   0.97   1.37   2.00 
ASN GLY
  2.00   1.88  -0.27  -0.48  -1.02   0.00  -0.48   1.88 
  2.00   2.00   2.00   2.00   2.00   2.00   2.00   2.00 
 -0.87  -2.24   0.49   0.08  -0.32   0.49   2.00   2.00 
ASN ALA
  2.00   2.00   0.91   1.53   1.86   2.00   2.00   2.00 
  2.00   2.00   2.00   2.00   2.00   2.00   2.00   2.00 
 -1.21  -2.81   0.30   0.30  -0.22   1.53   2.00   2.00 
ASN SER
  2.00   2.00   0.91   0.76   2.00   2.00   1.32   2.00 
  2.00   2.00   2.00   2.00   2.00   2.00   2.00   2.00 
 -1.10  -2.70  -0.59  -0.13  -0.43   1.32   2.00   2.00 
ASN CYS
  2.00   0.59   1.29   0.59   2.00   2.00   2.00   2.00 
  2.00   2.00   2.00   2.00   2.00   2.00   2.00   2.00 
 -1.11  -2.54   0.19   0.19  -1.48   0.19   2.00   2.00 
ASN VAL
  2.00   2.00   0.55   0.77   2.00   2.00   2.00   2.00 
  2.00   2.00   2.00   2.00   2.00   2.00   2.00   2.00 
 -1.43  -2.71  -0.10  -0.20  -0.20   1.75   2.00   2.00 
ASN THR
  2.00   2.00   1.06   1.06   2.00   2.00   2.00   2.00 
  2.00   2.00   2.00   2.00   2.00   2.00   2.00   2.00 
 -1.26  -2.76  -0.32   0.04  -0.22   1.98   2.00   2.00 
ASN ILE
  2.00   1.88   0.58   1.88   2.00   2.00   2.00   2.00 
  2.00   2.00   2.00   2.00   2.00   2.00   2.00   2.00 
 -1.35  -2.63  -0.24  -0.52  -0.66   0.67   2.00   2.00 
ASN PRO
  2.00   2.00  -1.57  -1.91   1.43   2.00   2.00   2.00 
  2.00   2.00   2.00   2.00   2.00   2.00   2.00   2.00 
  0.04  -1.71   0.33   2.00  -0.65  -1.14   2.00   2.00 
ASN MET
  2.00   2.00   1.95   0.85   1.95   2.00   2.00   2.00 
  2.00   2.00   2.00   2.00   2.00   2.00   2.00   2.00 
 -1.48  -2.65   0.34  -0.53  -0.69   1.26   2.00   2.00 
ASN ASP
  2.00   2.00   0.98   1.20   1.20   1.20   1.20   2.00 
  2.00   2.00   2.00   2.00   2.00   2.00   2.00   2.00 
 -1.15  -2.77   0.03   0.19  -0.30   2.00   2.00   2.00 
ASN ASN
  2.00   2.00   1.73   0.23   0.23   0.48   0.48   2.00 
  2.00   2.00   2.00   2.00   2.00   2.00   2.00   2.00 
 -1.18  -2.59  -0.66   0.03  -0.28   2.00   2.00   2.00 
ASN LEU
  2.00   2.00   1.53   0.99   2.00   2.00   2.00   2.00 
  2.00   2.00   2.00   2.00   2.00   2.00   2.00   2.00 
 -1.34  -2.74   0.11   0.08  -0.57   0.99   2.00   2.00 
ASN LYS
  2.00   2.00   0.74   0.74   1.55   2.00   1.55   2.00 
  2.00   2.00   2.00   2.00   2.00   2.00   2.00   2.00 
 -1.15  -2.78  -0.32   0.17   0.30   1.33   2.00   2.00 
ASN GLU
  2.00   2.00   1.08   0.17   2.00   2.00   2.00   2.00 
  2.00   2.00   2.00   2.00   2.00   2.00   2.00   2.00 
 -1.28  -2.83   0.46   0.60   0.22   2.00   2.00   2.00 
ASN GLN
  2.00   2.00   2.00   0.69   2.00   2.00   2.00   2.00 
  2.00   2.00   2.00   2.00   2.00   2.00   2.00   2.00 
 -1.42  -2.75   0.15   0.44  -0.45   1.54   2.00   2.00 
ASN ARG
  2.00   2.00   1.63   0.65   1.12   2.00   2.00   2.00 
  2.00   2.00   2.00   2.00   2.00   2.00   2.00   2.00 
 -1.58  -2.72   0.16   0.24   0.16   1.63   2.00   2.00 
ASN HIS
  2.00   1.92   1.92   0.82   0.82   1.92   0.82   2.00 
  2.00   2.00   2.00   2.00   2.00   2.00   2.00   2.00 
 -1.34  -2.69  -0.65   1.92  -0.28   1.22   2.00   2.00 
ASN PHE
  2.00   2.00   1.16   1.45   2.00   1.16   2.00   2.00 
  2.00   2.00   2.00   2.00   2.00   2.00   2.00   2.00 
 -1.34  -2.64  -0.59  -0.09  -0.50   1.16   1.86   2.00 
ASN TYR
  2.00   2.00   1.39   0.88   1.39   2.00   2.00   2.00 
  2.00   2.00   2.00   2.00   2.00   2.00   2.00   2.00 
 -1.15  -2.64  -0.46  -0.46  -0.81   1.10   2.00   2.00 
ASN TRP
  2.00   2.00   1.57   0.87   2.00   1.57  -0.04   2.00 
  2.00   2.00   2.00   2.00   2.00   2.00   2.00   2.00 
 -1.38  -2.68   0.18  -0.38   0.18   0.87   2.00   2.00 
LEU GLY
  2.00   2.00  -0.32  -0.93  -1.34   1.52   1.62   2.00 
  2.00   2.00   2.00   2.00   2.00   2.00   2.00   2.00 
 -1.02  -2.42   0.39   0.62   1.43   1.84   2.00   2.00 
LEU ALA
  2.00   2.00   2.00   1.80   2.00   2.00   2.00   2.00 
  2.00   2.00   2.00   2.00   2.00   2.00   2.00   2.00 
 -1.35  -2.89   0.05   0.90   1.00   2.00   2.00   2.00 
LEU SER
  2.00   2.00   0.39   1.64   1.86   2.00   2.00   2.00 
  2.00   2.00   2.00   2.00   2.00   2.00   2.00   2.00 
 -1.13  -2.81  -0.25   0.13   0.23   2.00   2.00   2.00 
LEU CYS
  2.00   2.00   1.37   1.77   1.77   2.00   2.00   2.00 
  2.00   2.00   2.00   2.00   2.00   2.00   2.00   2.00 
 -1.36  -2.83   0.07   0.52   0.07   2.00   2.00   2.00 
LEU VAL
  2.00   2.00   2.00   2.00   2.00   2.00   2.00   2.00 
  2.00   2.00   2.00   2.00   2.00   2.00   2.00   2.00 
 -1.63  -2.80  -0.06   0.45   0.73   2.00   2.00   2.00 
LEU THR
  2.00   1.25   0.36   2.00   2.00   2.00   2.00   2.00 
  2.00   2.00   2.00   2.00   2.00   2.00   2.00   2.00 
 -1.23  -2.83  -0.03   0.18   0.96   2.00   2.00   2.00 
LEU ILE
  2.00   2.00   1.38   2.00   2.00   2.00   2.00   2.00 
  2.00   2.00   2.00   2.00   2.00   2.00   2.00   2.00 
 -1.65  -2.80   0.28   0.34   0.95   2.00   2.00   2.00 
LEU PRO
  2.00   1.61  -0.43  -0.51   2.00   2.00   2.00   2.00 
  2.00   2.00   2.00   2.00   2.00   2.00   2.00   2.00 
 -0.24  -2.88   0.14   2.00   1.61   1.10   2.00   2.00 
LEU MET
  2.00   2.00   1.76   2.00   2.00   2.00   2.00   2.00 
  2.00   2.00   2.00   2.00   2.00   2.00   2.00   2.00 
 -1.62  -2.83   0.06   0.85   1.20   2.00   2.00   2.00 
LEU ASP
  2.00   2.00   0.53   0.57   1.09   2.00   2.00   2.00 
  2.00   2.00   2.00   2.00   2.00   2.00   2.00   2.00 
 -1.20  -2.85   0.06   0.97   1.03   2.00   2.00   2.00 
LEU ASN
  2.00   2.00   1.54   0.19   0.68   2.00   2.00   2.00 
  2.00   2.00   2.00   2.00   2.00   2.00   2.00   2.00 
 -1.41  -2.77  -0.14   0.68   0.63   2.00   2.00   2.00 
LEU LEU
  2.00   2.00   2.00   2.00   2.00   2.00   2.00   2.00 
  2.00   2.00   2.00   2.00   2.00   2.00   2.00   2.00 
 -1.64  -2.80  -0.00   0.41   0.84   2.00   2.00   2.00 
LEU LYS
  2.00   2.00   1.59   1.08   1.81   2.00   2.00   2.00 
  2.00   2.00   2.00   2.00   2.00   2.00   2.00   2.00 
 -1.50  -2.84   0.27   0.72   1.26   2.00   2.00   2.00 
LEU GLU
  2.00   2.00   1.83   1.83   2.00   2.00   2.00   2.00 
  2.00   2.00   2.00   2.00   2.00   2.00   2.00   2.00 
 -1.49  -2.86   0.32   0.93   1.00   2.00   2.00   2.00 
LEU GLN
  2.00   2.00   2.00   1.35   2.00   2.00   2.00   2.00 
  2.00   2.00   2.00   2.00   2.00   2.00   2.00   2.00 
 -1.48  -2.82  -0.10   0.31   0.94   2.00   2.00   2.00 
LEU ARG
  2.00   2.00   1.61   1.26   2.00   2.00   2.00   2.00 
  2.00   2.00   2.00   2.00   2.00   2.00   2.00   2.00 
 -1.49  -2.83   0.14   0.72   1.00   2.00   2.00   2.00 
LEU HIS
  2.00   2.00   1.87   1.02   1.58   2.00   2.00   2.00 
  2.00   2.00   2.00   2.00   2.00   2.00   2.00   2.00 
 -1.36  -2.85   0.08   1.02   0.77   2.00   2.00   2.00 
LEU PHE
  2.00   1.84   2.00   2.00   2.00   2.00   2.00   2.00 
  2.00   2.00   2.00   2.00   2.00   2.00   2.00   2.00 
 -1.43  -2.83  -0.08   0.01   1.50   2.00   2.00   2.00 
LEU TYR
  2.00   2.00   2.00   2.00   2.00   2.00   2.00   2.00 
  2.00   2.00   2.00   2.00   2.00   2.00   2.00   2.00 
 -1.51  -2.81   0.02  -0.02   1.04   2.00   2.00   2.00 
LEU TRP
  2.00   1.58   2.00   2.00   2.00   2.00   2.00   2.00 
  2.00   2.00   2.00   2.00   2.00   2.00   2.00   2.00 
 -1.44  -2.89   0.19   0.66   1.58   2.00   2.00   2.00 
LYS GLY
  2.00   2.00  -0.08  -0.84  -1.18   0.81   0.30   1.62 
  2.00   2.00   2.00   2.00   2.00   2.00   2.00   2.00 
 -1.10  -2.38   0.37   1.22   0.61   0.71   2.00   2.00 
LYS ALA
  2.00   2.00   1.98   2.00   2.00   2.00   2.00   2.00 
  2.00   2.00   2.00   2.00   2.00   2.00   2.00   2.00 
 -1.47  -2.89   0.92   0.84   0.81   2.00   2.00   2.00 
LYS SER
  2.00   2.00   2.00   1.91   2.00   2.00   2.00   2.00 
  2.00   2.00   2.00   2.00   2.00   2.00   2.00   2.00 
 -1.34  -2.87   0.30   0.46   0.35   2.00   2.00   2.00 
LYS CYS
  2.00   1.67   0.57   1.67   0.28   2.00   2.00   2.00 
  2.00   2.00   2.00   2.00   2.00   2.00   2.00   2.00 
 -1.28  -2.66  -0.73   0.06   0.06   2.00   0.97   2.00 
LYS VAL
  2.00   2.00   1.47   2.00   2.00   2.00   2.00   2.00 
  2.00   2.00   2.00   2.00   2.00   2.00   2.00   2.00 
 -1.72  -2.72   0.47   0.01   0.12   2.00   2.00   2.00 
LYS THR
  2.00   1.63   1.45   2.00   2.00   2.00   2.00   2.00 
  2.00   2.00   2.00   2.00   2.00   2.00   2.00   2.00 
 -1.47  -2.83   0.25   0.68   1.04   1.86   2.00   2.00 
LYS ILE
  2.00   2.00   2.00   2.00   2.00   2.00   2.00   2.00 
  2.00   2.00   2.00   2.00   2.00   2.00   2.00   2.00 
 -1.77  -2.72   0.41  -0.08   0.46   1.66   2.00   2.00 
LYS PRO
  2.00   1.85  -0.72  -1.10   2.00   2.00   1.85   2.00 
  2.00   2.00   2.00   2.00   2.00   2.00   2.00   2.00 
 -0.23  -2.75   1.15   2.00   1.85  -0.23   2.00   2.00 
LYS MET
  2.00   2.00   1.49   2.00   2.00   2.00   2.00   2.00 
  2.00   2.00   2.00   2.00   2.00   2.00   2.00   2.00 
 -1.48  -2.82   0.20   0.65   0.20   2.00   2.00   2.00 
LYS ASP
  2.00   2.00   1.53   1.28   1.69   1.69   1.40   2.00 
  2.00   2.00   2.00   2.00   2.00   2.00   2.00   2.00 
 -1.59  -2.78   0.08   1.17   0.84   2.00   2.00   2.00 
LYS ASN
  2.00   2.00   1.72   0.70   0.80   2.00   1.49   2.00 
  2.00   2.00   2.00   2.00   2.00   2.00   2.00   2.00 
 -1.57  -2.77   0.01   1.16   1.02   2.00   2.00   2.00 
LYS LEU
  2.00   2.00   2.00   2.00   2.00   2.00   2.00   2.00 
  2.00   2.00   2.00   2.00   2.00   2.00   2.00   2.00 
 -1.50  -2.82   0.26   0.33   0.28   2.00   2.00   2.00 
LYS LYS
  2.00   2.00   1.79   0.96   1.66   2.00   2.00   2.00 
  2.00   2.00   2.00   2.00   2.00   2.00   2.00   2.00 
 -1.78  -2.79   0.56   1.54   1.79   2.00   2.00   2.00 
LYS GLU
  2.00   2.00   2.00   2.00   2.00   2.00   2.00   2.00 
  2.00   2.00   2.00   2.00   2.00   2.00   2.00   2.00 
 -1.64  -2.87   0.62   2.00   2.00   2.00   2.00   2.00 
LYS GLN
  2.00   2.00   2.00   1.01   1.92   2.00   2.00   2.00 
  2.00   2.00   2.00   2.00   2.00   2.00   2.00   2.00 
 -1.58  -2.83   0.54   1.23   1.11   1.70   2.00   2.00 
LYS ARG
  2.00   2.00   1.79   1.61   2.00   2.00   2.00   2.00 
  2.00   2.00   2.00   2.00   2.00   2.00   2.00   2.00 
 -1.57  -2.84   0.41   1.00   0.63   2.00   2.00   2.00 
LYS HIS
  2.00   2.00   2.00   2.00   2.00   1.11   1.80   2.00 
  2.00   2.00   2.00   2.00   2.00   2.00   2.00   2.00 
 -1.42  -2.82  -0.55   0.55   2.00   2.00   2.00   2.00 
LYS PHE
  2.00   2.00   2.00   1.61   2.00   2.00   2.00   2.00 
  2.00   2.00   2.00   2.00   2.00   2.00   2.00   2.00 
 -1.55  -2.78  -0.10   0.16   0.59   1.89   1.89   2.00 
LYS TYR
  2.00   2.00   2.00   2.00   2.00   2.00   2.00   2.00 
  2.00   2.00   2.00   2.00   2.00   2.00   2.00   2.00 
 -1.65  -2.71  -0.68   0.16   1.03   2.00   1.72   2.00 
LYS TRP
  2.00   1.37   2.00   1.37   2.00   2.00   2.00   2.00 
  2.00   2.00   2.00   2.00   2.00   2.00   2.00   2.00 
 -1.77  -2.72   0.27   0.96   0.11   2.00   2.00   2.00 
GLU GLY
  2.00   2.00   0.91  -0.42  -0.97   1.42   1.27   2.00 
  2.00   2.00   2.00   2.00   2.00   2.00   2.00   2.00 
 -0.97  -2.63  -0.00   0.91   1.42   0.65   2.00   2.00 
GLU ALA
  2.00   2.00   2.00   2.00   2.00   2.00   2.00   2.00 
  2.00   2.00   2.00   2.00   2.00   2.00   2.00   2.00 
 -1.51  -2.91   0.97   1.54   1.60   2.00   2.00   2.00 
GLU SER
  2.00   2.00   2.00   2.00   2.00   2.00   2.00   2.00 
  2.00   2.00   2.00   2.00   2.00   2.00   2.00   2.00 
 -1.39  -2.86   0.18   0.76   0.36   2.00   2.00   2.00 
GLU CYS
  2.00   2.00   2.00   2.00   2.00   2.00   1.34   2.00 
  2.00   2.00   2.00   2.00   2.00   2.00   2.00   2.00 
 -1.34  -2.84   0.93   0.24  -0.05   2.00   2.00   2.00 
GLU VAL
  2.00   2.00   2.00   2.00   2.00   2.00   2.00   2.00 
  2.00   2.00   2.00   2.00   2.00   2.00   2.00   2.00 
 -1.80  -2.74   0.13   0.46   0.66   2.00   2.00   2.00 
GLU THR
  2.00   2.00   2.00   1.96   2.00   2.00   2.00   2.00 
  2.00   2.00   2.00   2.00   2.00   2.00   2.00   2.00 
 -1.52  -2.86   0.25   1.15   0.94   2.00   2.00   2.00 
GLU ILE
  2.00   2.00   2.00   2.00   2.00   2.00   2.00   2.00 
  2.00   2.00   2.00   2.00   2.00   2.00   2.00   2.00 
 -1.84  -2.75   0.21   0.44   1.03   2.00   2.00   2.00 
GLU PRO
  2.00   2.00  -0.26  -0.26   1.69   2.00   2.00   2.00 
  2.00   2.00   2.00   2.00   2.00   2.00   2.00   2.00 
 -0.39  -2.81   0.08   2.00  -0.10  -0.10   2.00   2.00 
GLU MET
  2.00   2.00   2.00   2.00   2.00   2.00   2.00   2.00 
  2.00   2.00   2.00   2.00   2.00   2.00   2.00   2.00 
 -1.59  -2.85   0.39   0.63   0.72   2.00   2.00   2.00 
GLU ASP
  2.00   2.00   2.00   1.24   2.00   2.00   2.00   2.00 
  2.00   2.00   2.00   2.00   2.00   2.00   2.00   2.00 
 -1.58  -2.82   0.17   1.14   0.71   2.00   2.00   2.00 
GLU ASN
  2.00   2.00   1.95   1.95   1.25   1.72   1.95   2.00 
  2.00   2.00   2.00   2.00   2.00   2.00   2.00   2.00 
 -1.51  -2.82  -0.07   1.03   0.94   2.00   2.00   2.00 
GLU LEU
  2.00   2.00   1.97   2.00   2.00   2.00   2.00   2.00 
  2.00   2.00   2.00   2.00   2.00   2.00   2.00   2.00 
 -1.70  -2.82   0.50   0.76   0.95   2.00   2.00   2.00 
GLU LYS
  2.00   2.00   2.00   2.00   2.00   2.00   2.00   2.00 
  2.00   2.00   2.00   2.00   2.00   2.00   2.00   2.00 
 -1.64  -2.86   0.38   1.97   1.75   2.00   2.00   2.00 
GLU GLU
  2.00   2.00   2.00   2.00   2.00   2.00   2.00   2.00 
  2.00   2.00   2.00   2.00   2.00   2.00   2.00   2.00 
 -1.69  -2.87   0.58   2.00   2.00   2.00   2.00   2.00 
GLU GLN
  2.00   2.00   2.00   1.49   2.00   2.00   2.00   2.00 
  2.00   2.00   2.00   2.00   2.00   2.00   2.00   2.00 
 -1.60  -2.86   0.48   1.78   1.37   2.00   2.00   2.00 
GLU ARG
  2.00   2.00   2.00   2.00   2.00   2.00   2.00   2.00 
  2.00   2.00   2.00   2.00   2.00   2.00   2.00   2.00 
 -1.67  -2.85   0.44   1.25   1.54   2.00   2.00   2.00 
GLU HIS
  2.00   2.00   2.00   2.00   1.51   2.00   2.00   2.00 
  2.00   2.00   2.00   2.00   2.00   2.00   2.00   2.00 
 -1.52  -2.80  -0.33   0.41   0.82   2.00   2.00   2.00 
GLU PHE
  2.00   2.00   1.68   2.00   2.00   2.00   1.91   2.00 
  2.00   2.00   2.00   2.00   2.00   2.00   2.00   2.00 
 -1.45  -2.85  -0.23   0.73   1.91   2.00   2.00   2.00 
GLU TYR
  2.00   2.00   2.00   2.00   2.00   2.00   2.00   2.00 
  2.00   2.00   2.00   2.00   2.00   2.00   2.00   2.00 
 -1.65  -2.82   0.38   0.51   1.07   2.00   2.00   2.00 
GLU TRP
  2.00   2.00   1.65   2.00   2.00   2.00   2.00   2.00 
  2.00   2.00   2.00   2.00   2.00   2.00   2.00   2.00 
 -1.62  -2.86   0.96   0.74   1.65   2.00   2.00   2.00 
GLN GLY
  2.00   2.00   0.26  -0.66  -0.97   0.95   0.35   2.00 
  2.00   2.00   2.00   2.00   2.00   2.00   2.00   2.00 
 -1.13  -2.54   0.66   0.95   0.44   2.00   2.00   2.00 
GLN ALA
  2.00   2.00   2.00   2.00   2.00   2.00   2.00   2.00 
  2.00   2.00   2.00   2.00   2.00   2.00   2.00   2.00 
 -1.64  -2.85   0.56   0.99   1.63   2.00   2.00   2.00 
GLN SER
  2.00   2.00   1.79   2.00   2.00   2.00   1.79   2.00 
  2.00   2.00   2.00   2.00   2.00   2.00   2.00   2.00 
 -1.39  -2.78  -0.25   0.33  -0.20   2.00   2.00   2.00 
GLN CYS
  2.00   2.00   0.93   0.53   1.63   2.00   2.00   2.00 
  2.00   2.00   2.00   2.00   2.00   2.00   2.00   2.00 
 -1.67  -2.69   0.93   0.02   0.24   0.93   1.63   2.00 
GLN VAL
  2.00   2.00   1.18   2.00   2.00   2.00   2.00   2.00 
  2.00   2.00   2.00   2.00   2.00   2.00   2.00   2.00 
 -1.64  -2.78   0.13   0.13   1.05   2.00   2.00   2.00 
GLN THR
  2.00   2.00   1.34   2.00   2.00   2.00   2.00   2.00 
  2.00   2.00   2.00   2.00   2.00   2.00   2.00   2.00 
 -1.60  -2.77  -0.27   0.42   0.64   2.00   2.00   2.00 
GLN ILE
  2.00   2.00   1.27   2.00   2.00   2.00   2.00   2.00 
  2.00   2.00   2.00   2.00   2.00   2.00   2.00   2.00 
 -1.72  -2.73   0.66  -0.31   0.17   2.00   2.00   2.00 
GLN PRO
  2.00   2.00  -0.91  -0.21   0.70   2.00   2.00   2.00 
  2.00   2.00   2.00   2.00   2.00   2.00   2.00   2.00 
 -1.00  -2.65  -0.21   1.40   0.01   0.70   2.00   2.00 
GLN MET
  2.00   2.00   2.00   2.00   2.00   2.00   2.00   2.00 
  2.00   2.00   2.00   2.00   2.00   2.00   2.00   2.00 
 -1.59  -2.84   0.39   0.26   0.95   2.00   2.00   2.00 
GLN ASP
  2.00   2.00   1.50   1.50   1.50   2.00   2.00   2.00 
  2.00   2.00   2.00   2.00   2.00   2.00   2.00   2.00 
 -1.56  -2.76  -0.11   0.24   0.49   2.00   2.00   2.00 
GLN ASN
  2.00   2.00   0.98   1.38   1.67   2.00   1.38   2.00 
  2.00   2.00   2.00   2.00   2.00   2.00   2.00   2.00 
 -1.39  -2.80  -0.01   0.57   0.46   2.00   2.00   2.00 
GLN LEU
  2.00   2.00   2.00   2.00   2.00   2.00   2.00   2.00 
  2.00   2.00   2.00   2.00   2.00   2.00   2.00   2.00 
 -1.60  -2.83   0.66   0.39   0.43   2.00   2.00   2.00 
GLN LYS
  2.00   1.93   2.00   1.53   2.00   2.00   2.00   2.00 
  2.00   2.00   2.00   2.00   2.00   2.00   2.00   2.00 
 -1.72  -2.81   0.49   1.12   1.24   2.00   2.00   2.00 
GLN GLU
  2.00   2.00   1.64   2.00   2.00   2.00   2.00   2.00 
  2.00   2.00   2.00   2.00   2.00   2.00   2.00   2.00 
 -1.66  -2.85   0.49   1.49   1.49   2.00   2.00   2.00 
GLN GLN
  2.00   2.00   2.00   2.00   2.00   2.00   2.00   2.00 
  2.00   2.00   2.00   2.00   2.00   2.00   2.00   2.00 
 -1.79  -2.81   0.33   1.55   1.37   2.00   2.00   2.00 
GLN ARG
  2.00   2.00   2.00   2.00   1.05   2.00   2.00   2.00 
  2.00   2.00   2.00   2.00   2.00   2.00   2.00   2.00 
 -1.49  -2.85   0.30   0.57   1.05   2.00   2.00   2.00 
GLN HIS
  2.00   2.00   1.17   2.00   2.00   2.00   2.00   2.00 
  2.00   2.00   2.00   2.00   2.00   2.00   2.00   2.00 
 -1.37  -2.86  -0.50   0.88   1.58   2.00   2.00   2.00 
GLN PHE
  2.00   1.62   1.62   2.00   2.00   2.00   2.00   2.00 
  2.00   2.00   2.00   2.00   2.00   2.00   2.00   2.00 
 -1.39  -2.83  -0.11   0.77   0.32   2.00   2.00   2.00 
GLN TYR
  2.00   2.00   1.98   1.57   1.98   1.98   2.00   2.00 
  2.00   2.00   2.00   2.00   2.00   2.00   2.00   2.00 
 -1.55  -2.79  -0.10   0.27   0.88   2.00   2.00   2.00 
GLN TRP
  2.00   2.00   1.10   1.79   2.00   2.00   2.00   2.00 
  2.00   2.00   2.00   2.00   2.00   2.00   2.00   1.79 
 -1.25  -2.85  -0.00   0.18   0.41   2.00   2.00   2.00 
ARG GLY
  2.00   2.00   0.20  -0.63  -1.45   1.45   1.23   2.00 
  2.00   2.00   2.00   2.00   2.00   2.00   2.00   2.00 
 -1.15  -2.43   0.54   0.89   0.89   0.76   2.00   2.00 
ARG ALA
  2.00   2.00   1.99   2.00   2.00   2.00   2.00   2.00 
  2.00   2.00   2.00   2.00   2.00   2.00   2.00   2.00 
 -1.53  -2.86   0.72   1.17   0.38   2.00   2.00   2.00 
ARG SER
  2.00   1.97   1.28   1.46   2.00   1.68   2.00   2.00 
  2.00   2.00   2.00   2.00   2.00   2.00   2.00   2.00 
 -1.39  -2.81   0.23   0.50   0.07   2.00   2.00   2.00 
ARG CYS
  2.00   0.59   1.69   0.59   1.69   2.00   2.00   2.00 
  2.00   2.00   2.00   2.00   2.00   2.00   2.00   2.00 
 -1.57  -2.68  -0.39   1.69  -0.26   1.69   2.00   2.00 
ARG VAL
  2.00   2.00   1.09   2.00   2.00   2.00   2.00   2.00 
  2.00   2.00   2.00   2.00   2.00   2.00   2.00   2.00 
 -1.55  -2.76   0.45  -0.35   0.51   1.90   2.00   2.00 
ARG THR
  2.00   2.00   1.52   2.00   2.00   2.00   2.00   2.00 
  2.00   2.00   2.00   2.00   2.00   2.00   2.00   2.00 
 -1.41  -2.83   0.14   0.20   0.34   2.00   2.00   2.00 
ARG ILE
  2.00   1.93   1.93   1.93   2.00   2.00   2.00   2.00 
  2.00   2.00   2.00   2.00   2.00   2.00   2.00   2.00 
 -1.80  -2.72   0.23   0.38   0.55   2.00   2.00   2.00 
ARG PRO
  2.00   2.00   0.01  -1.27   0.92   2.00   2.00   2.00 
  2.00   2.00   2.00   2.00   2.00   2.00   2.00   2.00 
 -0.17  -2.75   1.62   2.00  -0.58   1.62   2.00   2.00 
ARG MET
  2.00   2.00   1.43   1.84   2.00   2.00   2.00   2.00 
  2.00   2.00   2.00   2.00   2.00   2.00   2.00   2.00 
 -1.55  -2.84   0.59   0.92   0.34   2.00   2.00   2.00 
ARG ASP
  2.00   2.00   1.35   1.91   2.00   2.00   2.00   2.00 
  2.00   2.00   2.00   2.00   2.00   2.00   2.00   2.00 
 -1.62  -2.81   0.30   0.81   0.81   2.00   2.00   2.00 
ARG ASN
  2.00   1.76   1.76   0.91   2.00   2.00   2.00   2.00 
  2.00   2.00   2.00   2.00   2.00   2.00   2.00   2.00 
 -1.68  -2.72  -0.47   0.78   1.07   2.00   2.00   2.00 
ARG LEU
  2.00   2.00   1.25   2.00   2.00   2.00   2.00   2.00 
  2.00   2.00   2.00   2.00   2.00   2.00   2.00   2.00 
 -1.66  -2.81   0.46   1.07   0.66   2.00   2.00   2.00 
ARG LYS
  2.00   2.00   1.62   1.11   2.00   2.00   2.00   2.00 
  2.00   2.00   2.00   2.00   2.00   2.00   2.00   2.00 
 -1.82  -2.78   0.52   1.34   1.62   2.00   2.00   2.00 
ARG GLU
  2.00   2.00   2.00   1.89   2.00   2.00   2.00   2.00 
  2.00   2.00   2.00   2.00   2.00   2.00   2.00   2.00 
 -1.55  -2.89   0.79   1.75   1.75   2.00   2.00   2.00 
ARG GLN
  2.00   2.00   1.36   1.77   1.54   2.00   2.00   2.00 
  2.00   2.00   2.00   2.00   2.00   2.00   2.00   2.00 
 -1.84  -2.76   0.76   0.96   1.77   2.00   2.00   2.00 
ARG ARG
  2.00   2.00   2.00   1.30   2.00   2.00   2.00   2.00 
  2.00   2.00   2.00   2.00   2.00   2.00   2.00   2.00 
 -1.84  -2.77   0.75   1.19   1.19   2.00   2.00   2.00 
ARG HIS
  2.00   2.00   1.74   2.00   2.00   2.00   2.00   2.00 
  2.00   2.00   2.00   2.00   2.00   2.00   2.00   2.00 
 -1.55  -2.76  -0.56   0.36   0.49   2.00   2.00   2.00 
ARG PHE
  2.00   2.00   1.83   2.00   2.00   2.00   2.00   2.00 
  2.00   2.00   2.00   2.00   2.00   2.00   2.00   2.00 
 -1.54  -2.77  -0.20  -0.11   0.54   2.00   2.00   2.00 
ARG TYR
  2.00   2.00   2.00   2.00   2.00   2.00   2.00   2.00 
  2.00   2.00   2.00   2.00   2.00   2.00   2.00   2.00 
 -1.31  -2.86  -0.15   0.05   1.15   2.00   2.00   2.00 
ARG TRP
  2.00   0.82   1.22   2.00   2.00   2.00   2.00   2.00 
  2.00   2.00   2.00   2.00   2.00   2.00   2.00   2.00 
 -1.82  -2.71   0.82   0.53   0.31   2.00   1.22   2.00 
HIS GLY
  2.00   1.31  -0.08  -1.46  -1.25   0.21   0.62   2.00 
  2.00   2.00   2.00   2.00   2.00   2.00   2.00   2.00 
 -0.64  -2.14  -0.08   0.91  -0.19   0.91   2.00   2.00 
HIS ALA
  2.00   2.00   1.63   1.12   2.00   2.00   2.00   2.00 
  2.00   2.00   2.00   2.00   2.00   2.00   2.00   2.00 
 -1.50  -2.77   0.17   0.43   0.17   0.94   2.00   2.00 
HIS SER
  2.00   2.00   0.70   0.48   2.00   2.00   2.00   2.00 
  2.00   2.00   2.00   2.00   2.00   2.00   2.00   2.00 
 -1.05  -2.77  -0.22  -0.40   0.01   1.39   2.00   2.00 
HIS CYS
  2.00   2.00   1.13   2.00   2.00   2.00   1.13   1.13 
  2.00   2.00   2.00   2.00   2.00   2.00   2.00   2.00 
 -1.51  -2.68  -0.48   0.43   0.43   0.03   2.00   2.00 
HIS VAL
  2.00   2.00   1.02   2.00   2.00   1.72   2.00   2.00 
  2.00   2.00   2.00   2.00   2.00   2.00   2.00   2.00 
 -1.50  -2.68  -0.16  -0.36  -0.48   2.00   2.00   2.00 
HIS THR
  2.00   2.00   0.67   2.00   2.00   2.00   2.00   2.00 
  2.00   2.00   2.00   2.00   2.00   2.00   2.00   2.00 
 -0.83  -2.86  -0.34   0.45  -0.14   1.37   2.00   2.00 
HIS ILE
  2.00   2.00   1.63   1.63   2.00   2.00   2.00   2.00 
  2.00   2.00   2.00   2.00   2.00   2.00   2.00   2.00 
 -1.50  -2.77   0.02  -0.07   0.02   2.00   2.00   2.00 
HIS PRO
  2.00   0.90  -0.71  -1.50   2.00   2.00   2.00   2.00 
  2.00   2.00   2.00   2.00   2.00   2.00   2.00   2.00 
  0.21  -1.59  -0.20   2.00  -1.93  -1.18   2.00   2.00 
HIS MET
  2.00   2.00   2.00   2.00   2.00   2.00   2.00   2.00 
  2.00   2.00   2.00   2.00   2.00   2.00   2.00   2.00 
 -1.28  -2.80  -0.18  -0.47  -0.18   2.00   2.00   2.00 
HIS ASP
  2.00   2.00  -0.30   1.00   0.71   1.41   2.00   2.00 
  2.00   2.00   2.00   2.00   2.00   2.00   2.00   2.00 
 -1.46  -2.70   0.49   0.31   0.15   2.00   2.00   2.00 
HIS ASN
  2.00   2.00   2.00   0.30   0.99   2.00   1.68   0.99 
  2.00   2.00   2.00   2.00   2.00   2.00   2.00   2.00 
 -1.69  -2.67  -0.26   0.58   0.99   2.00   1.68   2.00 
HIS LEU
  2.00   2.00   1.29   1.69   2.00   2.00   2.00   2.00 
  2.00   2.00   2.00   2.00   2.00   2.00   2.00   2.00 
 -1.43  -2.77  -0.36   0.24  -0.06   1.69   2.00   2.00 
HIS LYS
  2.00   2.00   1.13   0.84   0.84   2.00   2.00   2.00 
  2.00   2.00   2.00   2.00   2.00   2.00   2.00   2.00 
 -1.24  -2.75  -0.41   0.28  -0.08   1.53   2.00   2.00 
HIS GLU
  2.00   2.00   2.00   0.47   2.00   2.00   2.00   2.00 
  2.00   2.00   2.00   2.00   2.00   2.00   2.00   2.00 
 -1.41  -2.89   0.47   1.45   1.85   2.00   2.00   2.00 
HIS GLN
  2.00   2.00   2.00  -0.15   2.00   2.00   2.00   2.00 
  2.00   2.00   2.00   2.00   2.00   2.00   2.00   2.00 
 -1.39  -2.76  -0.04   0.66  -0.04   2.00   2.00   2.00 
HIS ARG
  2.00   2.00   2.00   2.00   1.51   2.00   2.00   2.00 
  2.00   2.00   2.00   2.00   2.00   2.00   2.00   2.00 
 -1.44  -2.82   0.12   0.82  -0.20   1.51   2.00   2.00 
HIS HIS
  2.00   2.00   2.00   2.00   0.99   2.00   2.00   1.68 
  2.00   2.00   2.00   2.00   2.00   2.00   2.00   2.00 
 -1.41  -2.80   0.07   0.30  -0.26   2.00   2.00   2.00 
HIS PHE
  2.00   1.42   2.00   1.42   2.00   2.00   2.00   2.00 
  2.00   2.00   2.00   2.00   2.00   2.00   2.00   2.00 
 -1.22  -2.68  -0.37  -0.93   0.03   1.01   2.00   2.00 
HIS TYR
  2.00   0.48   2.00   2.00   2.00   2.00   2.00   2.00 
  2.00   2.00   2.00   2.00   2.00   2.00   2.00   2.00 
 -1.35  -2.78  -0.33   0.26  -0.08   2.00   1.87   2.00 
HIS TRP
  2.00   2.00   1.13   0.43   2.00   2.00   2.00   2.00 
  2.00   2.00   2.00   2.00   2.00   2.00   2.00   2.00 
 -1.58  -2.79   0.43   0.43   0.43   2.00   2.00   2.00 
PHE GLY
  2.00   2.00  -0.89  -1.07  -0.87   0.74   0.97   2.00 
  2.00   2.00   2.00   2.00   2.00   2.00   2.00   2.00 
 -0.74  -2.30   0.21  -0.00   0.74   0.10   2.00   2.00 
PHE ALA
  2.00   2.00   2.00   2.00   1.80   2.00   2.00   2.00 
  2.00   2.00   2.00   2.00   2.00   2.00   2.00   2.00 
 -1.29  -2.84  -0.11   0.19   0.42   1.80   2.00   2.00 
PHE SER
  2.00   1.72   0.33   1.43   1.72   1.43   1.72   2.00 
  2.00   2.00   2.00   2.00   2.00   2.00   2.00   2.00 
 -0.94  -2.73  -0.77  -0.01   0.05   1.21   2.00   2.00 
PHE CYS
  2.00   1.13   1.13   1.13   2.00   2.00   0.43   2.00 
  2.00   2.00   2.00   2.00   2.00   2.00   2.00   2.00 
 -0.95  -2.84   0.03  -0.26   1.13   2.00   2.00   2.00 
PHE VAL
  2.00   1.89   0.91   2.00   2.00   2.00   2.00   2.00 
  2.00   2.00   2.00   2.00   2.00   2.00   2.00   2.00 
 -1.77  -2.75   0.79   0.28   0.91   1.60   2.00   2.00 
PHE THR
  2.00   1.04   0.57   1.04   2.00   2.00   2.00   2.00 
  2.00   2.00   2.00   2.00   2.00   2.00   2.00   2.00 
 -1.18  -2.74  -0.29  -0.12   0.09   0.70   2.00   2.00 
PHE ILE
  2.00   2.00   1.78   2.00   2.00   2.00   2.00   2.00 
  2.00   2.00   2.00   2.00   2.00   2.00   2.00   2.00 
 -1.61  -2.78   0.05   0.24   0.39   1.78   2.00   2.00 
PHE PRO
  2.00   1.61  -1.22  -0.47   1.61   2.00   2.00   2.00 
  2.00   2.00   2.00   2.00   2.00   2.00   2.00   2.00 
 -0.96  -2.47  -0.34   2.00  -0.59  -0.00   2.00   2.00 
PHE MET
  2.00   2.00   2.00   2.00   2.00   2.00   2.00   2.00 
  2.00   2.00   2.00   2.00   2.00   2.00   2.00   2.00 
 -1.70  -2.76   0.22   0.22   0.22   2.00   2.00   2.00 
PHE ASP
  2.00   2.00  -0.15   0.26   0.95   2.00   2.00   2.00 
  2.00   2.00   2.00   2.00   2.00   2.00   2.00   2.00 
 -0.90  -2.76  -0.25   0.34   0.10   1.35   2.00   2.00 
PHE ASN
  2.00   1.97   0.46   0.09   0.09   1.97   1.56   2.00 
  2.00   2.00   2.00   2.00   2.00   2.00   2.00   2.00 
 -1.50  -2.65   0.02   0.58   0.46   1.56   2.00   2.00 
PHE LEU
  2.00   2.00   2.00   2.00   2.00   2.00   2.00   2.00 
  2.00   2.00   2.00   2.00   2.00   2.00   2.00   2.00 
 -1.61  -2.81   0.33   0.41   0.58   2.00   2.00   2.00 
PHE LYS
  2.00   1.92   1.63   0.82   1.92   2.00   2.00   2.00 
  2.00   2.00   2.00   2.00   2.00   2.00   2.00   2.00 
 -1.39  -2.74  -0.28  -0.12  -0.02   1.92   2.00   2.00 
PHE GLU
  2.00   2.00   1.20   1.07   2.00   2.00   2.00   2.00 
  2.00   2.00   2.00   2.00   2.00   2.00   2.00   2.00 
 -1.47  -2.81  -0.07   0.58   0.66   2.00   2.00   2.00 
PHE GLN
  2.00   2.00   1.19   0.97   2.00   2.00   2.00   2.00 
  2.00   2.00   2.00   2.00   2.00   2.00   2.00   2.00 
 -1.41  -2.79   0.38   0.09  -0.19   2.00   2.00   2.00 
PHE ARG
  2.00   1.84   0.64   0.86   1.84   2.00   2.00   2.00 
  2.00   2.00   2.00   2.00   2.00   2.00   2.00   2.00 
 -1.35  -2.80   0.30   0.86   0.11   1.84   2.00   2.00 
PHE HIS
  2.00   1.98   0.37   0.37   2.00   2.00   1.98   2.00 
  2.00   2.00   2.00   2.00   2.00   2.00   2.00   2.00 
 -1.71  -2.62   0.03   0.37   0.88   0.88   0.59   2.00 
PHE PHE
  2.00   2.00   1.55   1.96   2.00   2.00   2.00   2.00 
  2.00   2.00   2.00   2.00   2.00   2.00   2.00   2.00 
 -1.77  -2.65  -0.72   0.45   0.57   1.55   2.00   2.00 
PHE TYR
  2.00   2.00   1.71   2.00   2.00   2.00   2.00   2.00 
  2.00   2.00   2.00   2.00   2.00   2.00   2.00   2.00 
 -1.49  -2.81   0.20   0.20   0.61   1.71   1.71   2.00 
PHE TRP
  2.00   1.71   1.71   1.71   2.00   2.00   1.71   2.00 
  2.00   2.00   2.00   2.00   2.00   2.00   2.00   2.00 
 -1.62  -2.78  -0.37   1.02   1.02   2.00   2.00   2.00 
TYR GLY
  2.00   2.00  -0.89  -1.38  -1.03   1.17   0.38   2.00 
  2.00   2.00   2.00   2.00   2.00   2.00   2.00   2.00 
 -0.48  -2.19   0.48   0.21   0.07   0.38   2.00   2.00 
TYR ALA
  2.00   2.00   1.12   2.00   2.00   2.00   1.41   2.00 
  2.00   2.00   2.00   2.00   2.00   2.00   2.00   2.00 
 -1.34  -2.83   0.31  -0.13   0.72   2.00   2.00   2.00 
TYR SER
  2.00   1.59   0.38   0.89   2.00   2.00   1.99   2.00 
  2.00   2.00   2.00   2.00   2.00   2.00   2.00   2.00 
 -0.87  -2.80  -0.20   0.05   0.05   1.08   1.30   2.00 
TYR CYS
  2.00   1.51   2.00   0.82   1.51   2.00   0.82   2.00 
  2.00   2.00   2.00   2.00   2.00   2.00   2.00   2.00 
 -1.13  -2.58  -1.38  -0.28   0.13   1.51   2.00   2.00 
TYR VAL
  2.00   1.13   1.64   2.00   2.00   2.00   2.00   2.00 
  2.00   2.00   2.00   2.00   2.00   2.00   2.00   2.00 
 -1.58  -2.77   0.66   0.34  -0.04   2.00   2.00   2.00 
TYR THR
  2.00   0.37  -0.26   1.35   2.00   2.00   2.00   2.00 
  2.00   2.00   2.00   2.00   2.00   2.00   2.00   2.00 
 -1.19  -2.79   0.05   1.06   0.65   1.35   2.00   2.00 
TYR ILE
  2.00   2.00   1.32   2.00   2.00   2.00   2.00   2.00 
  2.00   2.00   2.00   2.00   2.00   2.00   2.00   2.00 
 -1.46  -2.78  -0.13   0.14   0.06   2.00   2.00   2.00 
TYR PRO
  2.00   2.00  -0.93  -0.64   1.56   2.00   2.00   2.00 
  2.00   2.00   2.00   2.00   2.00   2.00   2.00   2.00 
 -0.64  -2.57  -0.39   1.56  -0.52  -0.05   2.00   2.00 
TYR MET
  2.00   2.00   1.93   1.23   2.00   2.00   2.00   2.00 
  2.00   2.00   2.00   2.00   2.00   2.00   2.00   2.00 
 -1.60  -2.78   0.32  -0.02   0.32   2.00   2.00   2.00 
TYR ASP
  2.00   1.53   0.14   0.14   2.00   2.00   1.53   2.00 
  2.00   2.00   2.00   2.00   2.00   2.00   2.00   2.00 
 -1.38  -2.69  -0.27   0.23   0.83   1.53   1.93   2.00 
TYR ASN
  2.00   2.00   0.49   0.27   0.78   2.00   1.19   2.00 
  2.00   2.00   2.00   2.00   2.00   2.00   2.00   2.00 
 -1.45  -2.75   0.63   1.19   0.37   1.47   2.00   2.00 
TYR LEU
  2.00   2.00   2.00   2.00   2.00   2.00   2.00   2.00 
  2.00   2.00   2.00   2.00   2.00   2.00   2.00   2.00 
 -1.55  -2.83   0.10   0.83   0.40   2.00   2.00   2.00 
TYR LYS
  2.00   2.00   0.49   0.18   1.79   2.00   2.00   2.00 
  2.00   2.00   2.00   2.00   2.00   2.00   2.00   2.00 
 -1.36  -2.69   0.11  -0.16  -0.25   1.09   2.00   2.00 
TYR GLU
  2.00   2.00   1.17   0.88   2.00   2.00   2.00   2.00 
  2.00   2.00   2.00   2.00   2.00   2.00   2.00   2.00 
 -1.37  -2.87   0.32   0.66   1.86   2.00   2.00   2.00 
TYR GLN
  2.00   2.00   2.00   0.82   1.92   2.00   2.00   2.00 
  2.00   2.00   2.00   2.00   2.00   2.00   2.00   2.00 
 -1.45  -2.87   0.41   1.00   1.23   2.00   2.00   2.00 
TYR ARG
  2.00   2.00   1.22   1.22   1.44   2.00   2.00   2.00 
  2.00   2.00   2.00   2.00   2.00   2.00   2.00   2.00 
 -1.27  -2.77  -0.06   0.12   0.12   1.22   2.00   2.00 
TYR HIS
  2.00   2.00   1.66  -0.29   0.97   2.00   2.00   1.66 
  2.00   2.00   2.00   2.00   2.00   2.00   2.00   2.00 
 -1.43  -2.71   0.56   0.05  -0.13   2.00   2.00   2.00 
TYR PHE
  2.00   2.00   1.81   2.00   2.00   2.00   2.00   2.00 
  2.00   2.00   2.00   2.00   2.00   2.00   2.00   2.00 
 -1.41  -2.80  -0.21   0.30   0.01   2.00   2.00   2.00 
TYR TYR
  2.00   2.00   1.73   2.00   2.00   2.00   2.00   1.73 
  2.00   2.00   2.00   2.00   2.00   2.00   2.00   2.00 
 -1.45  -2.67  -0.98  -0.14   0.03   2.00   2.00   2.00 
TYR TRP
  2.00   1.42   2.00   2.00   2.00   2.00   2.00   2.00 
  2.00   2.00   2.00   2.00   2.00   2.00   2.00   2.00 
 -1.47  -2.82  -0.53   0.72   0.72   2.00   2.00   2.00 
TRP GLY
  2.00   2.00  -0.04  -0.49  -0.98   0.81   2.00   2.00 
  2.00   2.00   2.00   2.00   2.00   2.00   2.00   2.00 
 -0.66  -2.61  -0.66   0.81   1.22   2.00   2.00   2.00 
TRP ALA
  2.00   2.00   1.87   2.00   2.00   2.00   2.00   2.00 
  2.00   2.00   2.00   2.00   2.00   2.00   2.00   2.00 
 -1.18  -2.90  -0.15   0.48   0.77   1.87   2.00   2.00 
TRP SER
  2.00   1.17   0.25   0.76   2.00   1.86   1.86   2.00 
  2.00   2.00   2.00   2.00   2.00   2.00   2.00   2.00 
 -0.71  -2.82  -0.44   0.47   0.76   0.76   1.86   2.00 
TRP CYS
  2.00   2.00   2.00   2.00   2.00   2.00   2.00   2.00 
  2.00   2.00   2.00   2.00   2.00   2.00   2.00   2.00 
 -1.46  -2.74  -0.54   2.00  -0.94   2.00   2.00   2.00 
TRP VAL
  2.00   1.99   1.99   0.89   2.00   2.00   2.00   2.00 
  2.00   2.00   2.00   2.00   2.00   2.00   2.00   2.00 
 -1.54  -2.84   0.19   0.38   2.00   2.00   2.00   2.00 
TRP THR
  2.00   0.71   0.01   2.00   2.00   1.81   2.00   2.00 
  2.00   2.00   2.00   2.00   2.00   2.00   2.00   2.00 
 -1.03  -2.83  -0.59   1.11   0.71   2.00   2.00   2.00 
TRP ILE
  2.00   1.21   1.21   2.00   2.00   2.00   2.00   1.90 
  2.00   2.00   2.00   2.00   2.00   2.00   2.00   2.00 
 -1.39  -2.84   0.11  -0.04   2.00   1.90   2.00   2.00 
TRP PRO
  2.00   2.00  -0.38  -0.90   2.00   2.00   2.00   2.00 
  2.00   2.00   2.00   2.00   2.00   2.00   2.00   2.00 
  0.71  -2.84  -0.38   2.00   0.02   2.00   2.00   2.00 
TRP MET
  2.00   2.00   2.00   2.00   2.00   2.00   2.00   2.00 
  2.00   2.00   2.00   2.00   2.00   2.00   2.00   2.00 
 -1.11  -2.99   0.59   1.29   1.29   2.00   2.00   2.00 
TRP ASP
  2.00   2.00   0.60   0.89   1.29   2.00   1.99   2.00 
  2.00   2.00   2.00   2.00   2.00   2.00   2.00   2.00 
 -1.35  -2.82   0.38   0.04   1.29   2.00   1.99   2.00 
TRP ASN
  2.00   2.00   1.76   1.07   1.76   1.07   2.00   2.00 
  2.00   2.00   2.00   2.00   2.00   2.00   2.00   2.00 
 -1.33  -2.86   0.66   0.15   2.00   1.07   2.00   2.00 
TRP LEU
  2.00   1.63   2.00   2.00   2.00   2.00   2.00   2.00 
  2.00   2.00   2.00   2.00   2.00   2.00   2.00   2.00 
 -1.56  -2.82  -0.40   0.65   2.00   2.00   2.00   2.00 
TRP LYS
  2.00   1.14   0.45   1.55   1.55   2.00   2.00   2.00 
  2.00   2.00   2.00   2.00   2.00   2.00   2.00   2.00 
 -1.47  -2.73  -0.47   2.00   0.16   1.55   2.00   2.00 
TRP GLU
  2.00   2.00   2.00   2.00   2.00   2.00   2.00   2.00 
  2.00   2.00   2.00   2.00   2.00   2.00   2.00   2.00 
 -1.41  -2.89   0.12   0.59   1.51   2.00   2.00   2.00 
TRP GLN
  2.00   1.98   2.00   1.98   2.00   2.00   2.00   2.00 
  2.00   2.00   2.00   2.00   2.00   2.00   2.00   2.00 
 -1.24  -2.89  -0.32   1.29   0.59   2.00   2.00   2.00 
TRP ARG
  2.00   1.84   0.45   2.00   1.84   2.00   2.00   1.84 
  2.00   2.00   2.00   2.00   2.00   2.00   2.00   2.00 
 -1.56  -2.78   0.45   1.15   0.05   2.00   1.84   2.00 
TRP HIS
  2.00   2.00   0.43   2.00   2.00   2.00   2.00   2.00 
  2.00   2.00   2.00   2.00   2.00   2.00   2.00   2.00 
 -1.18  -2.90   0.03   0.03   2.00   2.00   2.00   2.00 
TRP PHE
  2.00   1.73   1.73   2.00   1.73   1.73   2.00   2.00 
  2.00   2.00   2.00   2.00   2.00   2.00   2.00   2.00 
 -1.93  -2.66  -0.06   0.64   0.64   2.00   2.00   2.00 
TRP TYR
  2.00   0.70   2.00   2.00   0.70   1.40   2.00   2.00 
  2.00   2.00   2.00   2.00   2.00   2.00   2.00   2.00 
 -1.31  -2.81  -0.55   1.40   1.40   1.40   2.00   2.00 
TRP TRP
  2.00   2.00   2.00   2.00   2.00   2.00   2.00   2.00 
  2.00   2.00   2.00   2.00   2.00   2.00   2.00   2.00 
 -1.83  -2.68  -0.74   0.65   0.65   2.00   2.00   2.00 
