GLY GLY
  2.00   2.00   2.00   2.00   0.81  -0.52  -0.67  -0.21  -0.61  -0.47  -0.56  -0.89  -0.59   0.18   0.97   2.00 
GLY ALA
  2.00   2.00   2.00   2.00   1.31  -0.31  -1.30   0.34  -0.27  -0.59  -0.72  -0.64  -0.28  -0.24   1.21   2.00 
GLY SER
  2.00   2.00   2.00   2.00   1.44   0.04  -0.57   0.30  -0.34  -0.68  -1.01  -1.08  -0.55  -0.24   1.68   2.00 
GLY CYS
  2.00   2.00   2.00   2.00   1.15   0.18  -0.58  -0.04  -0.06  -0.79  -0.83  -0.91  -0.70  -0.59   1.84   2.00 
GLY VAL
  2.00   2.00   2.00   2.00   1.72   0.18  -0.78   0.74  -0.10  -0.37  -0.91  -0.97  -0.78  -0.80   1.45   2.00 
GLY THR
  2.00   2.00   2.00   2.00   1.25   0.17  -0.49   0.61  -0.12  -0.73  -1.09  -1.17  -0.54  -0.30   1.60   2.00 
GLY ILE
  2.00   2.00   2.00   2.00   1.97   0.03  -0.95   0.65  -0.03  -0.53  -0.82  -0.93  -0.64  -0.79   2.00   2.00 
GLY PRO
  2.00   2.00   2.00   2.00   2.00   1.46   0.75   0.53  -0.38  -1.16  -1.47  -1.27  -0.48   0.82   2.00   2.00 
GLY MET
  2.00   2.00   2.00   2.00   1.15  -0.19  -1.19   0.16  -0.24  -0.34  -0.70  -0.90  -0.22  -0.52   1.36   2.00 
GLY ASP
  2.00   2.00   2.00   2.00   1.04  -0.37  -0.71   0.02  -0.34  -0.77  -1.04  -0.93  -0.28   0.14   2.00   2.00 
GLY ASN
  2.00   2.00   2.00   2.00   0.85  -0.44  -0.83   0.10  -0.49  -0.63  -0.89  -0.90  -0.40   0.19   2.00   2.00 
GLY LEU
  2.00   2.00   2.00   2.00   1.72  -0.39  -1.20   0.33  -0.09  -0.54  -0.77  -0.71  -0.47  -0.47   2.00   2.00 
GLY LYS
  2.00   2.00   2.00   2.00   1.46  -0.18  -1.04   0.53  -0.11  -0.66  -1.01  -1.08  -0.40   0.18   2.00   2.00 
GLY GLU
  2.00   2.00   2.00   2.00   1.24  -0.28  -1.09   0.19  -0.36  -0.61  -1.05  -0.86  -0.28   0.36   2.00   2.00 
GLY GLN
  2.00   2.00   2.00   2.00   1.25  -0.17  -1.16   0.05  -0.21  -0.44  -0.87  -0.99  -0.27  -0.06   1.90   2.00 
GLY ARG
  2.00   2.00   2.00   2.00   1.39  -0.11  -0.92   0.54  -0.32  -0.54  -0.92  -1.06  -0.58  -0.14   2.00   2.00 
GLY HIS
  2.00   2.00   2.00   2.00   0.70  -0.34  -0.77   0.03  -0.21  -0.40  -0.78  -1.02  -0.58  -0.30   2.00   2.00 
GLY PHE
  2.00   2.00   2.00   2.00   1.09  -0.16  -0.91   0.41  -0.28  -0.29  -0.71  -0.88  -0.71  -0.67   1.42   2.00 
GLY TYR
  2.00   2.00   2.00   2.00   1.13  -0.23  -0.78  -0.00  -0.17  -0.27  -0.63  -0.85  -0.85  -0.65   1.31   2.00 
GLY TRP
  2.00   2.00   2.00   2.00   1.72  -0.05  -0.83   0.67  -0.02  -0.86  -0.88  -0.87  -0.86  -0.25   2.00   2.00 
ALA GLY
  2.00   2.00   2.00   2.00   0.09  -1.02  -1.28  -0.39  -0.38  -0.10   0.03  -0.28  -0.01  -0.14   1.61   2.00 
ALA ALA
  2.00   2.00   2.00   2.00   2.00  -0.56  -1.99   0.12  -0.15   0.18   0.30  -0.03   0.03   0.03   1.63   2.00 
ALA SER
  2.00   2.00   2.00   2.00   1.87  -0.31  -1.57  -0.14  -0.51  -0.25  -0.05  -0.43  -0.51  -0.14   1.87   2.00 
ALA CYS
  2.00   2.00   2.00   2.00   1.08  -0.72  -1.46   0.19  -0.31   0.03   0.22  -0.07  -0.54  -0.83   1.52   2.00 
ALA VAL
  2.00   2.00   2.00   2.00   2.00  -0.37  -1.61   0.82   0.11   0.19  -0.00   0.02  -0.83  -1.06   2.00   2.00 
ALA THR
  2.00   2.00   2.00   2.00   1.32  -0.61  -1.35   0.07  -0.07  -0.12  -0.30  -0.41  -0.66  -0.67   2.00   2.00 
ALA ILE
  2.00   2.00   2.00   2.00   2.00  -0.51  -1.65   0.56   0.11   0.12   0.13   0.18  -0.77  -1.00   2.00   2.00 
ALA PRO
  2.00   2.00   2.00   2.00   2.00   1.25   0.37  -0.12  -0.86  -1.07  -0.36  -1.23  -1.14   0.43   2.00   2.00 
ALA MET
  2.00   2.00   2.00   2.00   1.84  -0.67  -1.91  -0.03  -0.33   0.34   0.16   0.70  -0.01  -0.39   1.84   2.00 
ALA ASP
  2.00   2.00   2.00   2.00   1.59  -0.39  -1.53  -0.31  -0.54  -0.37  -0.13  -0.54  -0.41   0.37   2.00   2.00 
ALA ASN
  2.00   2.00   2.00   2.00   1.01  -0.68  -1.62  -0.22  -0.22  -0.36  -0.19  -0.12  -0.32   0.16   2.00   2.00 
ALA LEU
  2.00   2.00   2.00   2.00   2.00  -0.77  -1.86   0.06   0.12   0.30   0.37   0.18  -0.38  -0.51   2.00   2.00 
ALA LYS
  2.00   2.00   2.00   2.00   2.00  -0.55  -1.93  -0.19  -0.25  -0.07   0.17  -0.05  -0.17   0.57   2.00   2.00 
ALA GLU
  2.00   2.00   2.00   2.00   2.00  -0.69  -2.00  -0.13  -0.11   0.16   0.28   0.03  -0.02   0.46   2.00   2.00 
ALA GLN
  2.00   2.00   2.00   2.00   1.97  -0.62  -1.96  -0.23  -0.33   0.17   0.20   0.19   0.03   0.26   2.00   2.00 
ALA ARG
  2.00   2.00   2.00   2.00   1.99  -0.70  -1.95   0.01  -0.15   0.14   0.28  -0.02   0.00   0.09   2.00   2.00 
ALA HIS
  2.00   2.00   2.00   2.00   1.04  -0.50  -1.69   0.01  -0.21  -0.20  -0.01  -0.18  -0.44  -0.24   2.00   2.00 
ALA PHE
  2.00   2.00   2.00   2.00   1.31  -0.56  -1.64   0.18   0.02   0.08  -0.02  -0.06  -0.38  -0.83   1.63   2.00 
ALA TYR
  2.00   2.00   2.00   2.00   0.97  -0.65  -1.66  -0.06  -0.06   0.01   0.32  -0.04  -0.20  -0.70   1.21   2.00 
ALA TRP
  2.00   2.00   2.00   2.00   1.21  -0.64  -1.70  -0.08   0.05   0.43   0.47  -0.30  -0.52  -0.55   1.41   2.00 
SER GLY
  2.00   2.00   2.00   2.00   0.19  -0.99  -0.93  -0.47  -0.61  -0.18  -0.25  -0.41  -0.13  -0.20   1.77   2.00 
SER ALA
  2.00   2.00   2.00   2.00   1.98  -0.44  -1.64  -0.23  -0.61  -0.30  -0.19  -0.08  -0.16  -0.15   2.00   2.00 
SER SER
  2.00   2.00   2.00   2.00   1.53  -0.22  -0.93  -0.29  -0.71  -0.55  -0.47  -0.35  -0.52  -0.64   1.16   2.00 
SER CYS
  2.00   2.00   2.00   2.00   0.82  -0.08  -1.15  -0.20  -0.77  -0.28  -0.40  -0.28  -0.53  -0.71   2.00   2.00 
SER VAL
  2.00   2.00   2.00   2.00   2.00  -0.30  -1.22   0.05  -0.43  -0.16  -0.44  -0.40  -0.67  -0.86   2.00   2.00 
SER THR
  2.00   2.00   2.00   2.00   1.26  -0.26  -0.87  -0.06  -0.57  -0.37  -0.52  -0.24  -0.68  -0.95   1.49   2.00 
SER ILE
  2.00   2.00   2.00   2.00   2.00  -0.45  -1.47   0.08  -0.43  -0.08  -0.32  -0.18  -0.56  -0.70   2.00   2.00 
SER PRO
  2.00   2.00   2.00   2.00   2.00   1.15   0.22  -0.09  -0.94  -1.19  -0.35  -0.96  -1.14   0.28   2.00   2.00 
SER MET
  2.00   2.00   2.00   2.00   2.00  -0.32  -1.64  -0.16  -0.64  -0.06  -0.18  -0.18  -0.39  -0.24   2.00   2.00 
SER ASP
  2.00   2.00   2.00   2.00   2.00  -0.44  -1.21  -0.42  -0.61  -0.67  -0.38  -0.28  -0.51  -0.17   2.00   2.00 
SER ASN
  2.00   2.00   2.00   2.00   1.31  -0.50  -1.16  -0.38  -0.54  -0.64  -0.39  -0.25  -0.47  -0.26   2.00   2.00 
SER LEU
  2.00   2.00   2.00   2.00   1.90  -0.63  -1.66  -0.17  -0.47  -0.13   0.05  -0.05  -0.34  -0.26   2.00   2.00 
SER LYS
  2.00   2.00   2.00   2.00   2.00  -0.23  -1.35  -0.43  -0.69  -0.45  -0.37  -0.26  -0.39  -0.28   2.00   2.00 
SER GLU
  2.00   2.00   2.00   2.00   2.00  -0.64  -1.55  -0.41  -0.47  -0.32  -0.10  -0.06  -0.10  -0.33   2.00   2.00 
SER GLN
  2.00   2.00   2.00   2.00   2.00  -0.39  -1.51  -0.28  -0.36  -0.36  -0.38   0.06  -0.40  -0.48   1.93   2.00 
SER ARG
  2.00   2.00   2.00   2.00   1.81  -0.31  -1.37  -0.26  -0.42  -0.29  -0.39  -0.30  -0.43  -0.61   1.88   2.00 
SER HIS
  2.00   2.00   2.00   2.00   0.78  -0.58  -1.24  -0.49  -0.37  -0.17  -0.25  -0.31  -0.37  -0.54   1.77   2.00 
SER PHE
  2.00   2.00   2.00   2.00   0.99  -0.40  -1.35  -0.39  -0.47  -0.16  -0.10  -0.43  -0.28  -0.64   1.76   2.00 
SER TYR
  2.00   2.00   2.00   2.00   1.09  -0.34  -1.29  -0.38  -0.57  -0.46  -0.02  -0.14  -0.37  -0.65   1.22   2.00 
SER TRP
  2.00   2.00   2.00   2.00   1.39  -0.45  -1.42  -0.03  -0.65  -0.45  -0.19  -0.10  -0.19  -0.65   2.00   2.00 
CYS GLY
  2.00   2.00   2.00   2.00   1.23  -0.31  -0.69  -0.44  -0.57  -0.39  -0.69  -0.71  -0.61  -0.36   1.52   2.00 
CYS ALA
  2.00   2.00   2.00   2.00   2.00  -0.22  -1.53   0.19  -0.29   0.02  -0.09  -0.53  -0.78  -0.58   2.00   2.00 
CYS SER
  2.00   2.00   2.00   2.00   2.00  -0.04  -0.92  -0.06  -0.26  -0.39  -0.64  -1.01  -0.73  -0.55   1.94   2.00 
CYS CYS
  2.00   2.00   2.00   2.00   2.00   0.52   0.65  -0.04  -0.17  -0.45   0.03  -1.01  -1.41  -1.12   1.90   2.00 
CYS VAL
  2.00   2.00   2.00   2.00   2.00   0.48  -0.50   0.44  -0.00  -0.06  -0.11  -0.71  -1.17  -1.46   1.58   2.00 
CYS THR
  2.00   2.00   2.00   2.00   1.46  -0.17  -0.87   0.01  -0.58  -0.35  -0.30  -0.73  -0.92  -0.63   2.00   2.00 
CYS ILE
  2.00   2.00   2.00   2.00   2.00   0.68  -1.03   0.30  -0.25   0.07  -0.05  -0.54  -1.28  -1.17   2.00   2.00 
CYS PRO
  2.00   2.00   2.00   2.00   2.00   0.59   0.67  -0.25  -0.46  -0.40  -0.51  -1.38  -1.35  -0.03   2.00   2.00 
CYS MET
  2.00   2.00   2.00   2.00   2.00   0.25  -1.44   1.10  -0.37   0.25  -0.00  -0.29  -1.02  -1.06   1.50   2.00 
CYS ASP
  2.00   2.00   2.00   2.00   2.00   0.02  -0.93  -0.37  -0.49  -0.63  -0.34  -1.09  -0.84   0.47   2.00   2.00 
CYS ASN
  2.00   2.00   2.00   2.00   1.70  -0.41  -1.16   0.17  -0.43  -0.77  -0.90  -0.57  -0.36   0.09   2.00   2.00 
CYS LEU
  2.00   2.00   2.00   2.00   2.00  -0.12  -1.27   0.17  -0.17  -0.14  -0.44  -0.52  -0.95  -0.78   2.00   2.00 
CYS LYS
  2.00   2.00   2.00   2.00   2.00  -0.36  -1.42   0.17  -0.36  -0.40  -0.48  -0.68  -0.72   0.07   2.00   2.00 
CYS GLU
  2.00   2.00   2.00   2.00   2.00  -0.44  -1.41  -0.15  -0.62  -0.27  -0.02  -0.85  -0.46   0.04   2.00   2.00 
CYS GLN
  2.00   2.00   2.00   2.00   2.00   0.04  -1.42  -0.19  -0.49  -0.55  -0.15  -0.52  -0.66  -0.33   2.00   2.00 
CYS ARG
  2.00   2.00   2.00   2.00   2.00  -0.44  -1.21  -0.10  -0.29  -0.14  -0.63  -0.59  -0.76  -0.42   2.00   2.00 
CYS HIS
  2.00   2.00   2.00   2.00   2.00  -0.14  -1.02   1.18  -0.93  -0.53  -0.73  -0.61  -0.69  -0.43   2.00   2.00 
CYS PHE
  2.00   2.00   2.00   2.00   1.82   0.43  -0.80  -0.03  -0.13  -0.30  -0.34  -0.75  -0.96  -1.18   2.00   2.00 
CYS TYR
  2.00   2.00   2.00   2.00   2.00   0.47  -0.94   0.13  -0.28  -0.45  -0.37  -0.73  -0.87  -1.10   2.00   2.00 
CYS TRP
  2.00   2.00   2.00   2.00   1.68   0.07  -1.03   0.58   0.30  -0.40   0.07  -0.88  -0.80  -1.31   2.00   2.00 
VAL GLY
  2.00   2.00   2.00   2.00   1.06  -0.56  -0.97  -0.28  -0.32   0.18  -0.27  -0.74  -0.75  -0.72   2.00   2.00 
VAL ALA
  2.00   2.00   2.00   2.00   2.00  -0.24  -1.67   0.49   0.53   0.68   0.30  -0.77  -0.83  -0.86   2.00   2.00 
VAL SER
  2.00   2.00   2.00   2.00   2.00  -0.23  -1.28   0.16   0.27   0.09  -0.03  -0.88  -0.94  -0.89   2.00   2.00 
VAL CYS
  2.00   2.00   2.00   2.00   1.73   0.19  -0.72   0.63   0.38   0.26  -0.09  -0.43  -1.36  -1.45   2.00   2.00 
VAL VAL
  2.00   2.00   2.00   2.00   2.00   0.43  -0.69   1.47   1.15   1.28   0.69  -0.44  -1.43  -1.81   2.00   2.00 
VAL THR
  2.00   2.00   2.00   2.00   2.00  -0.21  -1.03   0.77   0.55   0.36   0.03  -0.83  -1.05  -1.36   2.00   2.00 
VAL ILE
  2.00   2.00   2.00   2.00   2.00   0.17  -0.86   1.45   1.27   0.92   0.80  -0.35  -1.45  -1.73   2.00   2.00 
VAL PRO
  2.00   2.00   2.00   2.00   2.00   1.56   0.38  -0.02  -0.28  -0.48  -0.17  -1.35  -1.55  -0.31   2.00   2.00 
VAL MET
  2.00   2.00   2.00   2.00   2.00  -0.01  -1.50   0.48   0.48   0.83   0.64  -0.73  -0.95  -1.26   2.00   2.00 
VAL ASP
  2.00   2.00   2.00   2.00   2.00  -0.27  -1.30   0.18  -0.18  -0.19  -0.33  -0.79  -1.05  -0.18   2.00   2.00 
VAL ASN
  2.00   2.00   2.00   2.00   1.59  -0.35  -1.31   0.28  -0.08  -0.26  -0.43  -0.57  -0.94  -0.49   2.00   2.00 
VAL LEU
  2.00   2.00   2.00   2.00   2.00  -0.10  -1.25   0.90   1.12   0.97   0.59  -0.41  -1.33  -1.45   2.00   2.00 
VAL LYS
  2.00   2.00   2.00   2.00   2.00  -0.44  -1.67   0.25   0.34   0.31   0.07  -0.73  -0.81  -0.41   2.00   2.00 
VAL GLU
  2.00   2.00   2.00   2.00   2.00  -0.53  -1.70   0.17   0.24   0.44   0.07  -0.77  -0.68  -0.27   2.00   2.00 
VAL GLN
  2.00   2.00   2.00   2.00   2.00  -0.40  -1.70  -0.08   0.23   0.42   0.08  -0.42  -0.84  -0.45   2.00   2.00 
VAL ARG
  2.00   2.00   2.00   2.00   2.00  -0.26  -1.67   0.21   0.38   0.60   0.18  -0.82  -0.75  -0.67   2.00   2.00 
VAL HIS
  2.00   2.00   2.00   2.00   1.69  -0.10  -1.35   0.30   0.36   0.17  -0.31  -0.68  -0.98  -0.91   2.00   2.00 
VAL PHE
  2.00   2.00   2.00   2.00   2.00   0.08  -0.98   0.87   0.82   0.79   0.43  -0.44  -1.09  -1.71   1.51   2.00 
VAL TYR
  2.00   2.00   2.00   2.00   1.94  -0.02  -1.07   1.08   0.78   0.62   0.14  -0.50  -1.25  -1.47   1.56   2.00 
VAL TRP
  2.00   2.00   2.00   2.00   1.30  -0.20  -1.23   0.74   1.19   0.61   0.16  -0.74  -1.08  -1.31   2.00   2.00 
THR GLY
  2.00   2.00   2.00   2.00   1.08  -0.59  -0.98  -0.45  -0.59  -0.39  -0.34  -0.55  -0.54  -0.30   2.00   2.00 
THR ALA
  2.00   2.00   2.00   2.00   2.00  -0.64  -1.61   0.21  -0.17  -0.05  -0.02  -0.46  -0.55  -0.38   2.00   2.00 
THR SER
  2.00   2.00   2.00   2.00   2.00  -0.25  -0.96   0.07  -0.33  -0.18  -0.29  -0.59  -0.85  -1.02   1.62   2.00 
THR CYS
  2.00   2.00   2.00   2.00   1.23  -0.40  -1.03   0.48  -0.52  -0.33  -0.45  -0.58  -0.80  -0.71   2.00   2.00 
THR VAL
  2.00   2.00   2.00   2.00   1.72  -0.03  -1.15   0.56   0.09   0.28  -0.42  -0.50  -1.04  -1.20   2.00   2.00 
THR THR
  2.00   2.00   2.00   2.00   1.73  -0.26  -0.80   0.62   0.14  -0.19  -0.40  -0.45  -1.01  -1.31   1.78   2.00 
THR ILE
  2.00   2.00   2.00   2.00   2.00  -0.28  -1.25   1.03   0.25   0.18  -0.42  -0.56  -1.13  -0.96   2.00   2.00 
THR PRO
  2.00   2.00   2.00   2.00   2.00   0.89   0.43  -0.02  -0.88  -0.97  -0.44  -0.89  -1.37   0.16   2.00   2.00 
THR MET
  2.00   2.00   2.00   2.00   2.00  -0.21  -1.67   0.23   0.19  -0.12  -0.19  -0.14  -0.81  -0.67   2.00   2.00 
THR ASP
  2.00   2.00   2.00   2.00   2.00  -0.58  -1.27  -0.10  -0.37  -0.44  -0.31  -0.54  -0.85   0.03   2.00   2.00 
THR ASN
  2.00   2.00   2.00   2.00   1.69  -0.31  -1.17  -0.04  -0.42  -0.68  -0.47  -0.43  -0.74  -0.33   2.00   2.00 
THR LEU
  2.00   2.00   2.00   2.00   2.00  -0.67  -1.49   0.39   0.05   0.05  -0.36  -0.46  -0.75  -0.56   2.00   2.00 
THR LYS
  2.00   2.00   2.00   2.00   1.84  -0.32  -1.34  -0.03  -0.07  -0.35  -0.49  -0.35  -0.73  -0.66   2.00   2.00 
THR GLU
  2.00   2.00   2.00   2.00   2.00  -0.81  -1.60   0.10  -0.01  -0.04  -0.11  -0.25  -0.51  -0.45   2.00   2.00 
THR GLN
  2.00   2.00   2.00   2.00   2.00  -0.58  -1.55   0.10   0.22  -0.09  -0.29  -0.13  -0.70  -0.67   1.70   2.00 
THR ARG
  2.00   2.00   2.00   2.00   2.00  -0.40  -1.44   0.18  -0.12  -0.19  -0.26  -0.45  -0.56  -0.87   2.00   2.00 
THR HIS
  2.00   2.00   2.00   2.00   0.86  -0.46  -1.25   0.51  -0.16  -0.34  -0.06  -0.32  -0.84  -0.90   2.00   2.00 
THR PHE
  2.00   2.00   2.00   2.00   1.08  -0.48  -1.26   0.17  -0.09  -0.07  -0.07  -0.47  -0.68  -1.01   2.00   2.00 
THR TYR
  2.00   2.00   2.00   2.00   1.21  -0.36  -1.01  -0.01   0.09  -0.04  -0.01  -0.54  -0.72  -1.30   2.00   2.00 
THR TRP
  2.00   2.00   2.00   2.00   1.85  -0.32  -1.16   0.06  -0.16  -0.10  -0.52  -0.72  -0.48  -0.94   1.85   2.00 
ILE GLY
  2.00   2.00   2.00   2.00   1.28  -0.57  -1.02  -0.37  -0.25   0.21  -0.32  -0.65  -0.70  -0.79   1.97   2.00 
ILE ALA
  2.00   2.00   2.00   2.00   2.00  -0.21  -1.71   0.42   0.45   0.72   0.42  -0.73  -0.90  -0.71   2.00   2.00 
ILE SER
  2.00   2.00   2.00   2.00   2.00  -0.18  -1.45  -0.00   0.06   0.46  -0.05  -0.92  -0.80  -0.71   2.00   2.00 
ILE CYS
  2.00   2.00   2.00   2.00   2.00   0.29  -0.80   0.69   0.85   0.29   0.07  -0.41  -1.53  -1.39   1.54   2.00 
ILE VAL
  2.00   2.00   2.00   2.00   2.00   0.34  -0.68   1.38   0.99   0.82   0.47  -0.37  -1.48  -1.74   2.00   2.00 
ILE THR
  2.00   2.00   2.00   2.00   2.00  -0.27  -1.24   0.59   0.36   0.54   0.07  -0.70  -1.10  -1.16   2.00   2.00 
ILE ILE
  2.00   2.00   2.00   2.00   2.00   0.01  -0.96   1.26   1.07   1.18   1.01  -0.34  -1.49  -1.65   2.00   2.00 
ILE PRO
  2.00   2.00   2.00   2.00   2.00   1.74   0.33   0.13  -0.48  -0.47  -0.16  -1.35  -1.54  -0.21   2.00   2.00 
ILE MET
  2.00   2.00   2.00   2.00   2.00  -0.23  -1.45   0.44   1.14   0.70   0.49  -0.62  -1.18  -1.13   1.93   2.00 
ILE ASP
  2.00   2.00   2.00   2.00   1.95  -0.16  -1.50  -0.08  -0.11   0.07  -0.29  -0.89  -0.83  -0.00   2.00   2.00 
ILE ASN
  2.00   2.00   2.00   2.00   1.32  -0.42  -1.53   0.05   0.32  -0.12  -0.35  -0.70  -0.75  -0.18   2.00   2.00 
ILE LEU
  2.00   2.00   2.00   2.00   2.00  -0.15  -1.38   0.70   0.93   1.03   0.82  -0.51  -1.29  -1.34   2.00   2.00 
ILE LYS
  2.00   2.00   2.00   2.00   2.00  -0.52  -1.79   0.10   0.65   0.71  -0.02  -0.72  -0.68  -0.21   2.00   2.00 
ILE GLU
  2.00   2.00   2.00   2.00   2.00  -0.58  -1.82   0.28   0.34   0.50   0.12  -0.70  -0.64  -0.06   2.00   2.00 
ILE GLN
  2.00   2.00   2.00   2.00   1.75  -0.53  -1.85   0.14   0.41   0.41   0.29  -0.49  -0.62  -0.26   2.00   2.00 
ILE ARG
  2.00   2.00   2.00   2.00   2.00  -0.42  -1.72   0.33   0.33   0.39   0.23  -0.67  -0.85  -0.45   2.00   2.00 
ILE HIS
  2.00   2.00   2.00   2.00   1.35  -0.39  -1.43   0.17   0.22   0.28   0.38  -0.66  -0.96  -0.85   2.00   2.00 
ILE PHE
  2.00   2.00   2.00   2.00   2.00   0.12  -1.09   0.68   0.59   0.50   0.68  -0.53  -1.22  -1.53   2.00   2.00 
ILE TYR
  2.00   2.00   2.00   2.00   1.57  -0.14  -1.22   0.88   0.44   0.72   0.20  -0.67  -1.06  -1.34   1.57   2.00 
ILE TRP
  2.00   2.00   2.00   2.00   1.87   0.07  -1.21   0.88   0.48   0.66  -0.03  -0.84  -1.08  -1.21   1.17   2.00 
PRO GLY
  2.00   2.00   2.00   2.00   1.08  -0.92  -1.30  -0.58  -0.48  -0.10  -0.26  -0.52  -0.26   0.37   2.00   2.00 
PRO ALA
  2.00   2.00   2.00   2.00   2.00   0.13  -1.25  -0.39  -0.89  -0.65  -0.27  -0.75  -0.47   0.39   2.00   2.00 
PRO SER
  2.00   2.00   2.00   2.00   2.00   0.14  -1.01  -0.60  -0.87  -0.61  -0.37  -0.67  -0.69   0.18   2.00   2.00 
PRO CYS
  2.00   2.00   2.00   2.00  -0.01  -0.15  -0.70  -0.19  -0.74  -0.39  -0.36  -0.47  -0.93  -0.36   2.00   2.00 
PRO VAL
  2.00   2.00   2.00   2.00   2.00  -0.01  -0.98  -0.05  -0.71  -0.46  -0.27  -0.66  -1.11  -0.27   2.00   2.00 
PRO THR
  2.00   2.00   2.00   2.00   1.07  -0.14  -0.84  -0.11  -0.65  -0.46  -0.39  -0.79  -1.01  -0.16   2.00   2.00 
PRO ILE
  2.00   2.00   2.00   2.00   2.00  -0.07  -0.98   0.08  -0.69  -0.41   0.01  -0.61  -1.24  -0.36   2.00   2.00 
PRO PRO
  2.00   2.00   2.00   2.00   2.00   1.38   0.41  -0.06  -0.39  -0.56  -0.50  -1.62  -1.31   0.94   2.00   2.00 
PRO MET
  2.00   2.00   2.00   2.00   1.56  -0.21  -1.32  -0.28  -0.59  -0.44  -0.21  -0.44  -0.82  -0.05   2.00   2.00 
PRO ASP
  2.00   2.00   2.00   2.00   2.00   0.09  -1.28  -0.87  -0.72  -0.62  -0.17  -0.70  -0.43   0.87   2.00   2.00 
PRO ASN
  2.00   2.00   2.00   2.00   1.85  -0.30  -1.25  -0.73  -0.68  -0.55  -0.33  -0.66  -0.38   0.89   2.00   2.00 
PRO LEU
  2.00   2.00   2.00   2.00   2.00  -0.26  -1.27  -0.42  -0.66  -0.46   0.05  -0.68  -0.85   0.21   2.00   2.00 
PRO LYS
  2.00   2.00   2.00   2.00   2.00  -0.04  -1.18  -0.54  -0.64  -0.45  -0.28  -0.73  -0.86   0.41   2.00   2.00 
PRO GLU
  2.00   2.00   2.00   2.00   2.00   0.04  -1.54  -0.72  -0.66  -0.19   0.08  -0.69  -0.48   0.69   2.00   2.00 
PRO GLN
  2.00   2.00   2.00   2.00   2.00  -0.01  -1.32  -0.60  -0.70  -0.31  -0.29  -0.69  -0.72   0.65   2.00   2.00 
PRO ARG
  2.00   2.00   2.00   2.00   1.95  -0.06  -0.99  -0.41  -0.63  -0.40  -0.18  -0.96  -1.01   0.36   2.00   2.00 
PRO HIS
  2.00   2.00   2.00   2.00   1.53  -0.10  -1.10  -0.87  -0.71  -0.47  -0.43  -0.45  -0.64   0.43   2.00   2.00 
PRO PHE
  2.00   2.00   2.00   2.00   1.89   0.04  -1.24  -0.39  -0.75  -0.51  -0.03  -0.44  -0.67  -0.48   2.00   2.00 
PRO TYR
  2.00   2.00   2.00   2.00   1.77  -0.06  -1.05  -0.38  -0.69  -0.54  -0.51  -0.65  -0.68  -0.18   2.00   2.00 
PRO TRP
  2.00   2.00   2.00   2.00   1.46   0.36  -1.27  -0.69  -0.62  -0.62   0.13  -0.59  -0.69  -0.11   2.00   2.00 
MET GLY
  2.00   2.00   2.00   2.00   0.90  -0.62  -1.25  -0.55  -0.55  -0.28  -0.17  -0.26  -0.31  -0.32   1.54   2.00 
MET ALA
  2.00   2.00   2.00   2.00   2.00  -0.60  -1.85   0.13  -0.09   0.24   0.51  -0.59  -0.05  -0.21   1.70   2.00 
MET SER
  2.00   2.00   2.00   2.00   1.86  -0.26  -1.49  -0.14  -0.56  -0.04  -0.04  -0.45  -0.46  -0.59   2.00   2.00 
MET CYS
  2.00   2.00   2.00   2.00   0.37   0.06  -0.80   0.51   0.26   0.06  -0.72  -0.80  -0.77  -1.16   1.76   2.00 
MET VAL
  2.00   2.00   2.00   2.00   2.00  -0.08  -1.37   1.00   0.83   0.22   0.22  -0.45  -0.97  -1.41   1.69   2.00 
MET THR
  2.00   2.00   2.00   2.00   1.36  -0.33  -1.48   0.34   0.23   0.06  -0.08  -0.64  -0.81  -0.78   2.00   2.00 
MET ILE
  2.00   2.00   2.00   2.00   2.00  -0.26  -1.30   0.64   0.22   0.59   0.26  -0.37  -1.12  -1.30   2.00   2.00 
MET PRO
  2.00   2.00   2.00   2.00   2.00   1.35   0.49  -0.12  -0.65  -1.08  -0.18  -1.27  -1.24   0.14   2.00   2.00 
MET MET
  2.00   2.00   2.00   2.00   2.00  -0.49  -1.80   0.16   0.02   0.33   0.53  -0.17  -0.61  -0.68   1.63   2.00 
MET ASP
  2.00   2.00   2.00   2.00   2.00  -0.55  -1.65  -0.15  -0.49  -0.33  -0.01  -0.40  -0.52   0.64   2.00   2.00 
MET ASN
  2.00   2.00   2.00   2.00   1.57  -0.59  -1.58   0.03  -0.22  -0.25   0.03  -0.61  -0.49  -0.04   2.00   2.00 
MET LEU
  2.00   2.00   2.00   2.00   2.00  -0.65  -1.60   0.17   0.49   0.31   0.26  -0.50  -0.78  -0.77   2.00   2.00 
MET LYS
  2.00   2.00   2.00   2.00   2.00  -0.61  -1.80  -0.09  -0.16   0.25   0.07  -0.51  -0.22   0.02   2.00   2.00 
MET GLU
  2.00   2.00   2.00   2.00   2.00  -0.61  -1.96   0.32  -0.13   0.10   0.27  -0.40  -0.16   0.41   2.00   2.00 
MET GLN
  2.00   2.00   2.00   2.00   2.00  -0.56  -1.96   0.34  -0.40   0.99   0.30  -0.28   0.21  -0.37   2.00   2.00 
MET ARG
  2.00   2.00   2.00   2.00   1.82  -0.62  -1.86  -0.26   0.36   0.28   0.67  -0.32  -0.53  -0.19   2.00   2.00 
MET HIS
  2.00   2.00   2.00   2.00   0.80  -0.47  -1.44  -0.20  -0.15  -0.15   0.04  -0.47  -0.84  -0.20   2.00   2.00 
MET PHE
  2.00   2.00   2.00   2.00   1.44  -0.46  -1.18   0.66   0.05   0.34   0.46  -0.48  -0.90  -1.33   1.44   2.00 
MET TYR
  2.00   2.00   2.00   2.00   1.14  -0.01  -1.38   0.04   0.14   0.60  -0.01  -0.63  -0.79  -1.16   2.00   2.00 
MET TRP
  2.00   2.00   2.00   2.00   2.00   0.45  -1.54   0.17   0.17   0.30   0.17  -0.53  -1.01  -0.93   0.86   2.00 
ASP GLY
  2.00   2.00   2.00   2.00   0.30  -0.97  -0.91  -0.46  -0.73  -0.41  -0.38  -0.49  -0.18   0.59   2.00   2.00 
ASP ALA
  2.00   2.00   2.00   2.00   2.00  -0.52  -1.68  -0.33  -1.03  -0.37  -0.05   0.05   0.29   1.05   2.00   2.00 
ASP SER
  2.00   2.00   2.00   2.00   1.83  -0.02  -0.77  -0.36  -1.18  -0.88  -0.68  -0.44  -0.22   0.39   2.00   2.00 
ASP CYS
  2.00   2.00   2.00   2.00   1.00  -0.55  -1.33  -0.44  -0.83  -0.76  -0.36  -0.20   0.16   0.47   2.00   2.00 
ASP VAL
  2.00   2.00   2.00   2.00   2.00  -0.44  -1.41   0.17  -0.48  -0.40  -0.69  -0.45  -0.53   0.01   2.00   2.00 
ASP THR
  2.00   2.00   2.00   2.00   1.49  -0.31  -0.72  -0.21  -0.85  -0.81  -0.66  -0.60  -0.62   0.23   2.00   2.00 
ASP ILE
  2.00   2.00   2.00   2.00   2.00  -0.51  -1.64   0.33  -0.35  -0.39  -0.58  -0.29  -0.34   0.12   2.00   2.00 
ASP PRO
  2.00   2.00   2.00   2.00   2.00   1.70   0.48   0.02  -1.11  -1.32  -0.81  -0.92  -0.82   0.98   2.00   2.00 
ASP MET
  2.00   2.00   2.00   2.00   1.73  -0.74  -1.77  -0.19  -0.47  -0.17   0.07  -0.08  -0.13   0.46   2.00   2.00 
ASP ASP
  2.00   2.00   2.00   2.00   1.45  -0.33  -0.87  -0.61  -1.19  -0.87  -0.52  -0.28  -0.13   1.20   2.00   2.00 
ASP ASN
  2.00   2.00   2.00   2.00   0.93  -0.73  -0.93  -0.65  -1.08  -0.82  -0.18  -0.42   0.24   1.02   2.00   2.00 
ASP LEU
  2.00   2.00   2.00   2.00   1.56  -0.81  -1.75  -0.25  -0.49  -0.25  -0.22   0.12   0.15   0.58   2.00   2.00 
ASP LYS
  2.00   2.00   2.00   2.00   1.79  -0.33  -1.28  -0.54  -0.92  -0.74  -0.27  -0.29  -0.07   0.31   2.00   2.00 
ASP GLU
  2.00   2.00   2.00   2.00   1.67  -0.38  -1.34  -0.30  -1.14  -0.66  -0.14  -0.18  -0.09   0.52   2.00   2.00 
ASP GLN
  2.00   2.00   2.00   2.00   2.00  -0.41  -1.43  -0.49  -0.98  -0.51  -0.01  -0.28  -0.14   0.43   2.00   2.00 
ASP ARG
  2.00   2.00   2.00   2.00   2.00  -0.38  -1.24  -0.48  -0.94  -0.63  -0.40  -0.34  -0.28   0.44   2.00   2.00 
ASP HIS
  2.00   2.00   2.00   2.00   1.09  -0.61  -1.07  -0.41  -0.50  -0.66  -0.48  -0.41  -0.52  -0.01   2.00   2.00 
ASP PHE
  2.00   2.00   2.00   2.00   1.29  -0.58  -1.49  -0.36  -0.75  -0.44  -0.18  -0.24  -0.03   0.24   2.00   2.00 
ASP TYR
  2.00   2.00   2.00   2.00   0.55  -0.59  -1.28  -0.17  -0.72  -0.45  -0.24  -0.24  -0.29  -0.23   2.00   2.00 
ASP TRP
  2.00   2.00   2.00   2.00   1.79  -0.33  -1.46  -0.31  -0.69  -0.55  -0.33  -0.40  -0.18   0.11   2.00   2.00 
ASN GLY
  2.00   2.00   2.00   2.00   0.70  -0.76  -0.92  -0.33  -0.82  -0.63  -0.47  -0.48  -0.32   0.49   2.00   2.00 
ASN ALA
  2.00   2.00   2.00   2.00   2.00  -0.43  -1.56  -0.31  -0.78  -0.44  -0.17  -0.33  -0.08   0.26   2.00   2.00 
ASN SER
  2.00   2.00   2.00   2.00   2.00   0.17  -0.74  -0.20  -0.85  -0.74  -0.58  -0.89  -0.61  -0.12   2.00   2.00 
ASN CYS
  2.00   2.00   2.00   2.00   1.07  -0.15  -1.35  -0.32  -0.66  -0.29  -0.75  -0.61  -0.15   0.26   2.00   2.00 
ASN VAL
  2.00   2.00   2.00   2.00   1.85  -0.23  -1.33   0.37  -0.43  -0.54  -0.59  -0.59  -0.61  -0.29   2.00   2.00 
ASN THR
  2.00   2.00   2.00   2.00   1.77  -0.01  -0.75  -0.10  -0.50  -0.65  -0.67  -0.73  -0.86  -0.46   2.00   2.00 
ASN ILE
  2.00   2.00   2.00   2.00   2.00  -0.31  -1.46   0.14  -0.37  -0.51  -0.59  -0.56  -0.42  -0.09   2.00   2.00 
ASN PRO
  2.00   2.00   2.00   2.00   2.00   1.52   0.83   0.36  -0.93  -1.34  -1.10  -0.94  -0.82   0.93   2.00   2.00 
ASN MET
  2.00   2.00   2.00   2.00   1.82  -0.40  -1.60  -0.13  -0.58  -0.45  -0.19  -0.36  -0.24   0.02   2.00   2.00 
ASN ASP
  2.00   2.00   2.00   2.00   1.60  -0.19  -0.69  -0.31  -1.07  -1.08  -0.57  -0.54  -0.24   0.50   2.00   2.00 
ASN ASN
  2.00   2.00   2.00   2.00   1.57  -0.50  -0.87  -0.44  -0.84  -0.90  -0.56  -0.55  -0.24   0.47   2.00   2.00 
ASN LEU
  2.00   2.00   2.00   2.00   1.78  -0.61  -1.59  -0.19  -0.56  -0.27  -0.34  -0.41  -0.17   0.38   2.00   2.00 
ASN LYS
  2.00   2.00   2.00   2.00   2.00  -0.37  -1.25  -0.20  -0.76  -0.72  -0.59  -0.54  -0.26   0.31   2.00   2.00 
ASN GLU
  2.00   2.00   2.00   2.00   1.95  -0.20  -1.30  -0.34  -0.92  -0.79  -0.51  -0.27  -0.18   0.36   2.00   2.00 
ASN GLN
  2.00   2.00   2.00   2.00   1.96  -0.25  -1.23  -0.12  -0.82  -0.62  -0.40  -0.40  -0.67   0.15   2.00   2.00 
ASN ARG
  2.00   2.00   2.00   2.00   2.00  -0.26  -1.25  -0.23  -0.77  -0.59  -0.53  -0.60  -0.43   0.30   2.00   2.00 
ASN HIS
  2.00   2.00   2.00   2.00   1.52  -0.38  -1.12  -0.02  -0.58  -0.86  -0.40  -0.58  -0.52  -0.06   2.00   2.00 
ASN PHE
  2.00   2.00   2.00   2.00   0.79  -0.58  -1.24  -0.11  -0.63  -0.40  -0.32  -0.48  -0.32  -0.29   2.00   2.00 
ASN TYR
  2.00   2.00   2.00   2.00   1.12  -0.32  -1.23   0.19  -0.46  -0.63  -0.40  -0.53  -0.23  -0.69   2.00   2.00 
ASN TRP
  2.00   2.00   2.00   2.00   1.56  -0.42  -0.93  -0.13  -0.69  -0.77  -0.57  -0.52  -0.47  -0.30   2.00   2.00 
LEU GLY
  2.00   2.00   2.00   2.00   0.75  -0.57  -1.22  -0.35  -0.56  -0.38  -0.04  -0.42  -0.45  -0.41   2.00   2.00 
LEU ALA
  2.00   2.00   2.00   2.00   2.00  -0.38  -1.93   0.18   0.11   0.36   0.31  -0.44  -0.38  -0.30   2.00   2.00 
LEU SER
  2.00   2.00   2.00   2.00   1.89  -0.30  -1.54  -0.30  -0.26  -0.12  -0.01  -0.68  -0.42  -0.37   2.00   2.00 
LEU CYS
  2.00   2.00   2.00   2.00   1.75   0.17  -1.18   0.70  -0.16   0.03  -0.05  -0.51  -1.18  -1.10   2.00   2.00 
LEU VAL
  2.00   2.00   2.00   2.00   2.00  -0.03  -1.19   0.98   0.53   0.60  -0.02  -0.43  -1.28  -1.35   2.00   2.00 
LEU THR
  2.00   2.00   2.00   2.00   1.73  -0.62  -1.43   0.12   0.01   0.20   0.02  -0.59  -0.73  -0.74   2.00   2.00 
LEU ILE
  2.00   2.00   2.00   2.00   2.00  -0.14  -1.21   0.94   0.56   0.28  -0.12  -0.45  -1.24  -1.25   2.00   2.00 
LEU PRO
  2.00   2.00   2.00   2.00   2.00   1.66   0.15  -0.24  -0.83  -0.88   0.05  -1.37  -1.25   0.55   2.00   2.00 
LEU MET
  2.00   2.00   2.00   2.00   1.98  -0.44  -1.77   0.17   0.35   0.35   0.46  -0.40  -0.51  -0.81   1.98   2.00 
LEU ASP
  2.00   2.00   2.00   2.00   1.79  -0.30  -1.64  -0.21  -0.44  -0.29  -0.08  -0.69  -0.47   0.66   2.00   2.00 
LEU ASN
  2.00   2.00   2.00   2.00   1.24  -0.43  -1.70  -0.13  -0.38  -0.50  -0.11  -0.30  -0.21   0.42   2.00   2.00 
LEU LEU
  2.00   2.00   2.00   2.00   2.00  -0.41  -1.55   0.59   0.39   0.28   0.19  -0.46  -0.94  -0.98   2.00   2.00 
LEU LYS
  2.00   2.00   2.00   2.00   2.00  -0.56  -1.87  -0.28  -0.00   0.21   0.26  -0.45  -0.38   0.34   2.00   2.00 
LEU GLU
  2.00   2.00   2.00   2.00   1.73  -0.62  -1.95  -0.08   0.23   0.34   0.22  -0.58  -0.13   0.56   2.00   2.00 
LEU GLN
  2.00   2.00   2.00   2.00   1.65  -0.54  -1.92  -0.26   0.03   0.22   0.30  -0.35  -0.21   0.21   2.00   2.00 
LEU ARG
  2.00   2.00   2.00   2.00   2.00  -0.62  -1.90   0.05   0.14   0.18   0.07  -0.32  -0.34   0.05   2.00   2.00 
LEU HIS
  2.00   2.00   2.00   2.00   1.21  -0.41  -1.65  -0.14  -0.23  -0.07  -0.00  -0.31  -0.60  -0.22   2.00   2.00 
LEU PHE
  2.00   2.00   2.00   2.00   1.61  -0.03  -1.31   0.42   0.32   0.19   0.28  -0.41  -0.94  -1.34   1.61   2.00 
LEU TYR
  2.00   2.00   2.00   2.00   1.37  -0.11  -1.45   0.32  -0.07   0.04   0.06  -0.36  -0.81  -1.04   1.97   2.00 
LEU TRP
  2.00   2.00   2.00   2.00   2.00  -0.10  -1.54   0.04   0.50   0.01  -0.07  -0.59  -0.83  -0.87   2.00   2.00 
LYS GLY
  2.00   2.00   2.00   2.00   0.20  -1.22  -1.20  -0.68  -0.40   0.10  -0.04   0.07  -0.21   0.25   2.00   2.00 
LYS ALA
  2.00   2.00   2.00   2.00   2.00  -0.53  -1.90   0.03  -0.34   0.08   0.30  -0.09  -0.34   0.16   2.00   2.00 
LYS SER
  2.00   2.00   2.00   2.00   1.55  -0.12  -1.19  -0.16  -0.49  -0.54  -0.26  -0.58  -0.69  -0.50   2.00   2.00 
LYS CYS
  2.00   2.00   2.00   2.00   0.73  -0.52  -1.47   0.21  -0.43  -0.16  -0.30  -0.30  -0.56  -0.37   2.00   2.00 
LYS VAL
  2.00   2.00   2.00   2.00   1.71  -0.54  -1.40   0.52   0.08   0.24  -0.24  -0.40  -1.03  -0.77   2.00   2.00 
LYS THR
  2.00   2.00   2.00   2.00   1.15  -0.43  -1.02   0.32   0.03  -0.07  -0.34  -0.67  -1.10  -0.77   2.00   2.00 
LYS ILE
  2.00   2.00   2.00   2.00   1.90  -0.52  -1.57   0.79  -0.07   0.12  -0.30  -0.34  -0.83  -0.61   2.00   2.00 
LYS PRO
  2.00   2.00   2.00   2.00   2.00   1.26   0.90   0.22  -0.97  -1.23  -0.57  -1.10  -1.09   0.37   2.00   2.00 
LYS MET
  2.00   2.00   2.00   2.00   1.71  -0.65  -1.79  -0.04  -0.30   0.21   0.23  -0.22  -0.35  -0.14   2.00   2.00 
LYS ASP
  2.00   2.00   2.00   2.00   0.95  -0.28  -1.12  -0.15  -0.72  -0.57  -0.27  -0.57  -0.76   0.01   2.00   2.00 
LYS ASN
  2.00   2.00   2.00   2.00   0.74  -0.71  -1.34  -0.29  -0.32  -0.44  -0.20  -0.39  -0.58   0.12   2.00   2.00 
LYS LEU
  2.00   2.00   2.00   2.00   1.64  -0.85  -1.80   0.19   0.02   0.08   0.15  -0.19  -0.47   0.04   2.00   2.00 
LYS LYS
  2.00   2.00   2.00   2.00   1.68  -0.62  -1.52  -0.25  -0.24  -0.20  -0.27  -0.41  -0.51  -0.12   2.00   2.00 
LYS GLU
  2.00   2.00   2.00   2.00   2.00  -0.50  -1.61  -0.11  -0.11  -0.33   0.08  -0.38  -0.60  -0.30   2.00   2.00 
LYS GLN
  2.00   2.00   2.00   2.00   2.00  -0.45  -1.63  -0.28  -0.06  -0.33  -0.18  -0.28  -0.55  -0.19   2.00   2.00 
LYS ARG
  2.00   2.00   2.00   2.00   2.00  -0.63  -1.59  -0.12  -0.15  -0.15  -0.02  -0.24  -0.68  -0.28   2.00   2.00 
LYS HIS
  2.00   2.00   2.00   2.00   0.82  -0.46  -1.48  -0.04  -0.18  -0.26  -0.18  -0.26  -0.54  -0.57   2.00   2.00 
LYS PHE
  2.00   2.00   2.00   2.00   0.87  -0.57  -1.58   0.04  -0.09   0.00   0.02  -0.44  -0.50  -0.49   2.00   2.00 
LYS TYR
  2.00   2.00   2.00   2.00   0.64  -0.64  -1.37   0.17   0.09  -0.13   0.07  -0.36  -0.60  -0.92   2.00   2.00 
LYS TRP
  2.00   2.00   2.00   2.00   0.93  -0.59  -1.38   0.05  -0.08   0.16  -0.41  -0.68  -0.68  -0.39   2.00   2.00 
GLU GLY
  2.00   2.00   2.00   2.00   0.19  -1.24  -1.32  -0.69  -0.36  -0.01   0.09   0.07   0.10   0.45   2.00   2.00 
GLU ALA
  2.00   2.00   2.00   2.00   2.00  -0.61  -2.03  -0.10  -0.36   0.30   0.35   0.33   0.05   0.34   2.00   2.00 
GLU SER
  2.00   2.00   2.00   2.00   2.00  -0.23  -1.45  -0.33  -0.47  -0.45  -0.04  -0.38  -0.60  -0.31   2.00   2.00 
GLU CYS
  2.00   2.00   2.00   2.00   0.66  -0.69  -1.60  -0.23  -0.52  -0.13   0.66  -0.16  -0.43  -0.13   2.00   2.00 
GLU VAL
  2.00   2.00   2.00   2.00   1.84  -0.61  -1.68   0.35  -0.10   0.06  -0.01  -0.06  -0.77  -0.47   2.00   2.00 
GLU THR
  2.00   2.00   2.00   2.00   1.45  -0.45  -1.34   0.18  -0.20  -0.11  -0.05  -0.50  -0.86  -0.69   2.00   2.00 
GLU ILE
  2.00   2.00   2.00   2.00   2.00  -0.71  -1.81   0.31  -0.07   0.32  -0.04  -0.02  -0.57  -0.28   2.00   2.00 
GLU PRO
  2.00   2.00   2.00   2.00   2.00   1.64   0.72   0.03  -0.86  -1.12  -0.66  -0.98  -1.27   0.32   2.00   2.00 
GLU MET
  2.00   2.00   2.00   2.00   2.00  -0.76  -2.00  -0.19  -0.26   0.30   0.57   0.53   0.08  -0.02   2.00   2.00 
GLU ASP
  2.00   2.00   2.00   2.00   1.26  -0.19  -1.37  -0.31  -0.63  -0.49  -0.24  -0.53  -0.57   0.15   2.00   2.00 
GLU ASN
  2.00   2.00   2.00   2.00   1.05  -0.72  -1.51  -0.20  -0.31  -0.41  -0.07  -0.13  -0.49  -0.09   2.00   2.00 
GLU LEU
  2.00   2.00   2.00   2.00   1.50  -0.98  -1.97   0.08  -0.09   0.39   0.37   0.27   0.00   0.24   2.00   2.00 
GLU LYS
  2.00   2.00   2.00   2.00   1.91  -0.30  -1.57  -0.07  -0.32  -0.36  -0.18  -0.23  -0.64  -0.34   2.00   2.00 
GLU GLU
  2.00   2.00   2.00   2.00   2.00  -0.61  -1.77   0.07  -0.37  -0.23   0.17  -0.18  -0.33  -0.01   2.00   2.00 
GLU GLN
  2.00   2.00   2.00   2.00   1.83  -0.41  -1.81  -0.11  -0.18  -0.20  -0.04  -0.03  -0.43  -0.04   2.00   2.00 
GLU ARG
  2.00   2.00   2.00   2.00   2.00  -0.50  -1.75  -0.11  -0.32  -0.09   0.19   0.20  -0.48  -0.43   2.00   2.00 
GLU HIS
  2.00   2.00   2.00   2.00   0.70  -0.59  -1.42   0.06  -0.28  -0.20  -0.20  -0.23  -0.52  -0.63   2.00   2.00 
GLU PHE
  2.00   2.00   2.00   2.00   0.47  -0.84  -1.75   0.02  -0.18   0.17   0.35   0.20  -0.21  -0.32   2.00   2.00 
GLU TYR
  2.00   2.00   2.00   2.00   0.35  -0.77  -1.56   0.04  -0.33   0.13   0.21   0.09  -0.18  -0.70   2.00   2.00 
GLU TRP
  2.00   2.00   2.00   2.00   2.00  -0.75  -1.65  -0.06  -0.14  -0.36   0.09  -0.23  -0.16  -0.38   2.00   2.00 
GLN GLY
  2.00   2.00   2.00   2.00   0.41  -1.13  -1.15  -0.63  -0.60  -0.13  -0.09  -0.18   0.09   0.08   2.00   2.00 
GLN ALA
  2.00   2.00   2.00   2.00   1.99  -0.54  -1.96  -0.02  -0.14   0.04   0.37  -0.09   0.06  -0.06   2.00   2.00 
GLN SER
  2.00   2.00   2.00   2.00   1.65  -0.25  -1.30  -0.05  -0.34  -0.39  -0.53  -0.40  -0.57  -0.58   1.91   2.00 
GLN CYS
  2.00   2.00   2.00   2.00   0.69  -0.61  -1.52  -0.01  -0.34   0.24  -0.06  -0.21  -0.55  -0.58   2.00   2.00 
GLN VAL
  2.00   2.00   2.00   2.00   2.00  -0.51  -1.64   0.53   0.24   0.08  -0.09  -0.25  -0.84  -0.70   2.00   2.00 
GLN THR
  2.00   2.00   2.00   2.00   1.49  -0.40  -1.16   0.25  -0.15  -0.05  -0.38  -0.40  -1.01  -0.84   2.00   2.00 
GLN ILE
  2.00   2.00   2.00   2.00   2.00  -0.53  -1.80   0.59  -0.02   0.17   0.01  -0.19  -0.66  -0.48   2.00   2.00 
GLN PRO
  2.00   2.00   2.00   2.00   2.00   1.41   0.65   0.03  -0.87  -1.19  -0.58  -1.17  -1.10   0.58   2.00   2.00 
GLN MET
  2.00   2.00   2.00   2.00   2.00  -0.44  -1.94  -0.28  -0.05   0.12   0.58  -0.08  -0.42   0.04   2.00   2.00 
GLN ASP
  2.00   2.00   2.00   2.00   2.00  -0.10  -1.38  -0.14  -0.55  -0.39  -0.47  -0.64  -0.70   0.17   2.00   2.00 
GLN ASN
  2.00   2.00   2.00   2.00   1.26  -0.64  -1.36  -0.24  -0.03  -0.60  -0.27  -0.24  -0.66  -0.16   2.00   2.00 
GLN LEU
  2.00   2.00   2.00   2.00   1.90  -0.89  -1.92   0.30   0.03   0.33   0.28   0.13  -0.41   0.04   2.00   2.00 
GLN LYS
  2.00   2.00   2.00   2.00   2.00  -0.44  -1.67  -0.14  -0.45  -0.21  -0.06  -0.30  -0.36  -0.17   2.00   2.00 
GLN GLU
  2.00   2.00   2.00   2.00   1.41  -0.29  -1.77  -0.16  -0.35  -0.23   0.24  -0.37  -0.33  -0.03   2.00   2.00 
GLN GLN
  2.00   2.00   2.00   2.00   2.00  -0.33  -1.79   0.13  -0.24  -0.33   0.23  -0.22  -0.39  -0.33   2.00   2.00 
GLN ARG
  2.00   2.00   2.00   2.00   1.72  -0.46  -1.66   0.04  -0.20  -0.20  -0.04  -0.27  -0.45  -0.42   2.00   2.00 
GLN HIS
  2.00   2.00   2.00   2.00   0.64  -0.48  -1.66   0.10  -0.27   0.06   0.15  -0.18  -0.48  -0.48   2.00   2.00 
GLN PHE
  2.00   2.00   2.00   2.00   1.12  -0.51  -1.51   0.35  -0.26   0.19  -0.07  -0.23  -0.40  -0.96   1.88   2.00 
GLN TYR
  2.00   2.00   2.00   2.00   0.68  -0.70  -1.57   0.09   0.19   0.25   0.19  -0.20  -0.46  -0.87   2.00   2.00 
GLN TRP
  2.00   2.00   2.00   2.00   1.35  -0.22  -1.56   0.25   0.01   0.25   0.01  -0.79  -0.49  -0.83   2.00   2.00 
ARG GLY
  2.00   2.00   2.00   2.00   0.53  -1.02  -1.19  -0.42  -0.38  -0.13  -0.15  -0.29  -0.38  -0.11   1.95   2.00 
ARG ALA
  2.00   2.00   2.00   2.00   2.00  -0.62  -1.86   0.24  -0.18   0.22   0.36  -0.29  -0.49  -0.01   2.00   2.00 
ARG SER
  2.00   2.00   2.00   2.00   1.59  -0.17  -1.15  -0.12  -0.54  -0.23  -0.25  -0.66  -0.64  -0.75   2.00   2.00 
ARG CYS
  2.00   2.00   2.00   2.00   0.77  -0.45  -1.40   0.07  -0.27  -0.17  -0.30  -0.05  -0.90  -0.36   1.56   2.00 
ARG VAL
  2.00   2.00   2.00   2.00   1.79  -0.35  -1.43   0.59   0.23   0.03  -0.12  -0.43  -0.97  -0.94   2.00   2.00 
ARG THR
  2.00   2.00   2.00   2.00   1.16  -0.37  -1.08   0.12  -0.10  -0.14  -0.34  -0.69  -0.88  -0.84   2.00   2.00 
ARG ILE
  2.00   2.00   2.00   2.00   2.00  -0.47  -1.60   0.55   0.25   0.24  -0.15  -0.42  -0.79  -0.81   2.00   2.00 
ARG PRO
  2.00   2.00   2.00   2.00   2.00   1.26   0.94  -0.00  -0.82  -1.10  -0.47  -1.17  -1.29   0.54   2.00   2.00 
ARG MET
  2.00   2.00   2.00   2.00   2.00  -0.53  -1.90   0.25  -0.24   0.35   0.25   0.15  -0.38  -0.43   2.00   2.00 
ARG ASP
  2.00   2.00   2.00   2.00   1.33  -0.13  -1.14  -0.28  -0.63  -0.58  -0.34  -0.56  -0.74  -0.18   2.00   2.00 
ARG ASN
  2.00   2.00   2.00   2.00   1.10  -0.70  -1.38  -0.17  -0.30  -0.26  -0.17  -0.34  -0.76  -0.03   2.00   2.00 
ARG LEU
  2.00   2.00   2.00   2.00   1.94  -0.86  -1.80   0.19   0.06   0.40   0.27  -0.19  -0.55  -0.19   2.00   2.00 
ARG LYS
  2.00   2.00   2.00   2.00   1.59  -0.55  -1.63  -0.12  -0.18  -0.18  -0.12  -0.25  -0.66  -0.03   2.00   2.00 
ARG GLU
  2.00   2.00   2.00   2.00   1.54  -0.36  -1.67  -0.14  -0.36   0.06   0.13  -0.35  -0.53  -0.34   2.00   2.00 
ARG GLN
  2.00   2.00   2.00   2.00   1.58  -0.46  -1.75  -0.16   0.04  -0.14   0.17  -0.36  -0.43  -0.22   2.00   2.00 
ARG ARG
  2.00   2.00   2.00   2.00   1.91  -0.51  -1.73   0.14  -0.10   0.02   0.19  -0.25  -0.63  -0.41   2.00   2.00 
ARG HIS
  2.00   2.00   2.00   2.00   0.99  -0.62  -1.42   0.16   0.16  -0.27  -0.23  -0.37  -0.59  -0.69   2.00   2.00 
ARG PHE
  2.00   2.00   2.00   2.00   1.14  -0.69  -1.53   0.16  -0.03   0.25  -0.03  -0.23  -0.38  -0.91   2.00   2.00 
ARG TYR
  2.00   2.00   2.00   2.00   0.69  -0.40  -1.56   0.14   0.06  -0.08   0.17  -0.18  -0.63  -0.84   2.00   2.00 
ARG TRP
  2.00   2.00   2.00   2.00   1.19  -0.50  -1.53   0.37  -0.03  -0.35   0.17  -0.47  -0.65  -0.56   1.66   2.00 
HIS GLY
  2.00   2.00   2.00   2.00   1.68  -0.59  -0.90  -0.38  -0.56  -0.50  -0.61  -0.42  -0.72  -0.16   2.00   2.00 
HIS ALA
  2.00   2.00   2.00   2.00   2.00  -0.27  -1.73  -0.09  -0.35  -0.28   0.07  -0.40  -0.31  -0.17   2.00   2.00 
HIS SER
  2.00   2.00   2.00   2.00   2.00   0.23  -1.06  -0.12  -0.25  -0.33  -0.47  -0.85  -0.72  -0.83   2.00   2.00 
HIS CYS
  2.00   2.00   2.00   2.00   1.00  -0.50  -1.01   0.19   0.08  -0.45  -0.66  -0.61  -1.11  -0.10   2.00   2.00 
HIS VAL
  2.00   2.00   2.00   2.00   2.00  -0.36  -1.07   0.55   0.01  -0.03  -0.52  -0.52  -0.93  -1.08   2.00   2.00 
HIS THR
  2.00   2.00   2.00   2.00   1.96  -0.01  -1.19   0.04  -0.01  -0.42  -0.30  -0.73  -0.79  -0.86   2.00   2.00 
HIS ILE
  2.00   2.00   2.00   2.00   2.00  -0.37  -1.29   0.36  -0.17  -0.04  -0.34  -0.35  -0.87  -0.99   2.00   2.00 
HIS PRO
  2.00   2.00   2.00   2.00   2.00   1.15   0.55   0.51  -0.81  -1.26  -0.78  -1.07  -1.06   0.29   2.00   2.00 
HIS MET
  2.00   2.00   2.00   2.00   1.74  -0.46  -1.64   0.27  -0.05  -0.25  -0.05  -0.63  -0.21  -0.50   2.00   2.00 
HIS ASP
  2.00   2.00   2.00   2.00   1.73   0.31  -1.17  -0.25  -0.65  -0.81  -0.41  -0.50  -0.77   0.00   2.00   2.00 
HIS ASN
  2.00   2.00   2.00   2.00   1.76  -0.36  -1.05  -0.24  -0.41  -0.70  -0.41  -0.69  -0.62  -0.29   2.00   2.00 
HIS LEU
  2.00   2.00   2.00   2.00   1.89  -0.55  -1.62  -0.13   0.02   0.23  -0.18  -0.27  -0.48  -0.66   2.00   2.00 
HIS LYS
  2.00   2.00   2.00   2.00   2.00  -0.16  -1.51  -0.28  -0.20  -0.54  -0.45  -0.41  -0.46  -0.11   2.00   2.00 
HIS GLU
  2.00   2.00   2.00   2.00   2.00  -0.24  -1.35  -0.17  -0.41  -0.81  -0.22  -0.41  -0.46  -0.31   1.67   2.00 
HIS GLN
  2.00   2.00   2.00   2.00   1.70  -0.10  -1.71  -0.19  -0.06  -0.43  -0.13  -0.10  -0.10  -0.65   2.00   2.00 
HIS ARG
  2.00   2.00   2.00   2.00   1.88  -0.20  -1.57  -0.29  -0.17  -0.38  -0.15  -0.34  -0.55  -0.36   2.00   2.00 
HIS HIS
  2.00   2.00   2.00   2.00   1.34  -0.20  -0.82  -0.34  -0.43  -0.40  -0.43  -0.70  -0.82  -0.58   1.52   2.00 
HIS PHE
  2.00   2.00   2.00   2.00   1.51  -0.15  -1.20  -0.20  -0.37   0.09   0.20  -0.45  -0.83  -1.01   1.26   2.00 
HIS TYR
  2.00   2.00   2.00   2.00   1.18  -0.10  -1.14   0.04   0.17  -0.29   0.00  -0.40  -0.90  -1.19   2.00   2.00 
HIS TRP
  2.00   2.00   2.00   2.00   2.00  -0.18  -1.42  -0.03  -0.24  -0.24  -0.11  -0.65  -0.47  -0.77   1.43   2.00 
PHE GLY
  2.00   2.00   2.00   2.00   1.39  -0.48  -0.95  -0.14  -0.54  -0.47  -0.15  -0.62  -0.72  -0.60   1.74   2.00 
PHE ALA
  2.00   2.00   2.00   2.00   2.00  -0.39  -1.66   0.21   0.27   0.28   0.13  -0.55  -0.68  -0.74   1.80   2.00 
PHE SER
  2.00   2.00   2.00   2.00   2.00  -0.24  -1.20  -0.08  -0.14  -0.39  -0.44  -0.76  -0.63  -0.62   1.55   2.00 
PHE CYS
  2.00   2.00   2.00   2.00   1.66   0.16  -0.59   0.34   0.41  -0.09  -0.35  -0.56  -1.43  -1.14   1.44   2.00 
PHE VAL
  2.00   2.00   2.00   2.00   2.00   0.18  -0.88   1.13   0.75   0.52   0.02  -0.20  -1.34  -1.60   1.21   2.00 
PHE THR
  2.00   2.00   2.00   2.00   2.00  -0.25  -1.16   0.18   0.13   0.07  -0.37  -0.59  -0.87  -1.05   1.33   2.00 
PHE ILE
  2.00   2.00   2.00   2.00   2.00   0.00  -1.00   1.05   0.80   0.46   0.11  -0.31  -1.36  -1.51   1.70   2.00 
PHE PRO
  2.00   2.00   2.00   2.00   2.00   1.51   0.69  -0.01  -0.50  -0.72  -0.51  -1.24  -1.43  -0.25   2.00   2.00 
PHE MET
  2.00   2.00   2.00   2.00   2.00  -0.16  -1.42   0.41  -0.12   0.15  -0.05  -0.60  -0.78  -0.99   1.45   2.00 
PHE ASP
  2.00   2.00   2.00   2.00   1.96  -0.01  -1.43  -0.22  -0.52  -0.43  -0.37  -0.56  -0.70   0.08   2.00   2.00 
PHE ASN
  2.00   2.00   2.00   2.00   1.38  -0.54  -1.30  -0.17  -0.29  -0.65  -0.35  -0.46  -0.68   0.12   2.00   2.00 
PHE LEU
  2.00   2.00   2.00   2.00   2.00  -0.24  -1.25   0.68   0.62   0.26   0.42  -0.31  -1.17  -1.35   1.52   2.00 
PHE LYS
  2.00   2.00   2.00   2.00   2.00  -0.50  -1.70   0.05   0.01  -0.27  -0.01  -0.54  -0.49  -0.12   2.00   2.00 
PHE GLU
  2.00   2.00   2.00   2.00   1.93  -0.58  -1.69   0.09  -0.10  -0.14   0.08  -0.55  -0.51  -0.15   2.00   2.00 
PHE GLN
  2.00   2.00   2.00   2.00   2.00  -0.30  -1.83   0.00  -0.11   0.00   0.35  -0.38  -0.38  -0.33   1.74   2.00 
PHE ARG
  2.00   2.00   2.00   2.00   2.00  -0.44  -1.69   0.04   0.43  -0.10  -0.04  -0.48  -0.74  -0.31   2.00   2.00 
PHE HIS
  2.00   2.00   2.00   2.00   1.76  -0.00  -1.33   0.11  -0.16  -0.46   0.23  -0.59  -0.91  -0.79   2.00   2.00 
PHE PHE
  2.00   2.00   2.00   2.00   1.80   0.19  -0.90   0.74   0.24  -0.04   0.09  -0.44  -1.12  -1.46   0.93   2.00 
PHE TYR
  2.00   2.00   2.00   2.00   2.00   0.16  -0.91   0.29   0.10  -0.05  -0.15  -0.47  -1.01  -1.40   1.17   2.00 
PHE TRP
  2.00   2.00   2.00   2.00   2.00   0.22  -0.93   1.61   0.31   0.14  -0.24  -0.38  -1.37  -1.37   2.00   2.00 
TYR GLY
  2.00   2.00   2.00   2.00   1.11  -0.63  -0.72  -0.25  -0.46  -0.25  -0.37  -0.53  -0.84  -0.60   1.26   2.00 
TYR ALA
  2.00   2.00   2.00   2.00   2.00  -0.43  -1.62   0.35   0.03   0.03   0.24  -0.51  -0.67  -0.69   1.38   2.00 
TYR SER
  2.00   2.00   2.00   2.00   2.00   0.08  -1.20  -0.06  -0.20  -0.26  -0.35  -0.62  -0.88  -0.73   1.35   2.00 
TYR CYS
  2.00   2.00   2.00   2.00   1.69   0.43  -0.45   0.37   0.18   0.08   0.37  -0.71  -1.22  -1.54   0.99   2.00 
TYR VAL
  2.00   2.00   2.00   2.00   2.00   0.08  -1.03   0.80   0.43   0.29   0.19  -0.45  -1.17  -1.52   2.00   2.00 
TYR THR
  2.00   2.00   2.00   2.00   1.50  -0.37  -1.19   0.49   0.28  -0.12  -0.22  -0.51  -0.78  -1.16   1.43   2.00 
TYR ILE
  2.00   2.00   2.00   2.00   2.00   0.02  -0.99   1.09   0.35   0.08   0.01  -0.36  -1.22  -1.47   1.89   2.00 
TYR PRO
  2.00   2.00   2.00   2.00   2.00   1.38   0.53   0.47  -0.41  -0.81  -0.47  -1.24  -1.53  -0.07   2.00   2.00 
TYR MET
  2.00   2.00   2.00   2.00   1.47  -0.14  -1.61   0.44   0.25  -0.14   0.14  -0.14  -0.77  -0.98   1.47   2.00 
TYR ASP
  2.00   2.00   2.00   2.00   1.92  -0.29  -1.18  -0.31  -0.46  -0.55  -0.25  -0.28  -0.84  -0.41   2.00   2.00 
TYR ASN
  2.00   2.00   2.00   2.00   1.24  -0.43  -1.26  -0.04  -0.39  -0.51  -0.16  -0.55  -0.75  -0.28   2.00   2.00 
TYR LEU
  2.00   2.00   2.00   2.00   2.00  -0.23  -1.43   0.51   0.32   0.42   0.03  -0.22  -1.01  -1.21   2.00   2.00 
TYR LYS
  2.00   2.00   2.00   2.00   2.00  -0.36  -1.65  -0.02  -0.15  -0.15  -0.06  -0.37  -0.67  -0.33   2.00   2.00 
TYR GLU
  2.00   2.00   2.00   2.00   1.54  -0.40  -1.56   0.15  -0.23  -0.17  -0.14  -0.46  -0.57  -0.47   2.00   2.00 
TYR GLN
  2.00   2.00   2.00   2.00   2.00  -0.53  -1.71   0.26  -0.08   0.02   0.18  -0.23  -0.52  -0.60   1.65   2.00 
TYR ARG
  2.00   2.00   2.00   2.00   1.44  -0.49  -1.57   0.18   0.22  -0.21   0.24  -0.38  -0.70  -0.67   1.61   2.00 
TYR HIS
  2.00   2.00   2.00   2.00   1.92  -0.46  -1.24   0.17  -0.03  -0.36  -0.19  -0.31  -0.95  -0.81   2.00   2.00 
TYR PHE
  2.00   2.00   2.00   2.00   1.76   0.15  -0.97   0.13   0.26   0.23   0.31  -0.36  -0.98  -1.58   1.64   2.00 
TYR TYR
  2.00   2.00   2.00   2.00   2.00  -0.19  -1.08   0.33  -0.08  -0.33   0.17  -0.54  -0.86  -1.22   1.46   2.00 
TYR TRP
  2.00   2.00   2.00   2.00   2.00  -0.01  -1.29   0.19  -0.06  -0.06  -0.12  -0.47  -0.81  -1.18   1.73   2.00 
TRP GLY
  2.00   2.00   2.00   2.00   2.00  -0.42  -0.96  -0.11  -0.31  -0.39  -0.40  -0.67  -0.66  -0.82   1.99   2.00 
TRP ALA
  2.00   2.00   2.00   2.00   2.00  -0.11  -1.84   0.27  -0.04   0.30   0.71  -0.31  -0.81  -0.46   1.30   2.00 
TRP SER
  2.00   2.00   2.00   2.00   2.00   0.11  -1.30  -0.18  -0.48  -0.03  -0.18  -0.58  -0.88  -0.71   2.00   2.00 
TRP CYS
  2.00   2.00   2.00   2.00   1.41   0.02  -0.99   0.72  -0.54   0.02   0.49  -0.61  -1.08  -1.23   2.00   2.00 
TRP VAL
  2.00   2.00   2.00   2.00   2.00  -0.40  -1.24   0.56   0.22   0.27   0.38  -0.52  -1.02  -1.28   2.00   2.00 
TRP THR
  2.00   2.00   2.00   2.00   1.41  -0.74  -1.34   0.06   0.10  -0.25  -0.22  -0.53  -0.61  -0.57   1.97   2.00 
TRP ILE
  2.00   2.00   2.00   2.00   2.00  -0.37  -1.30   0.66   0.40   0.77   0.19  -0.62  -1.21  -1.11   2.00   2.00 
TRP PRO
  2.00   2.00   2.00   2.00   2.00   1.79   0.47  -0.29  -0.46  -0.71  -0.29  -1.08  -1.54  -0.22   2.00   2.00 
TRP MET
  2.00   2.00   2.00   2.00   1.00  -0.09  -1.42   0.16   0.02   0.02   1.00  -0.61  -1.16  -0.79   2.00   2.00 
TRP ASP
  2.00   2.00   2.00   2.00   1.80   0.15  -1.44   0.04  -0.48  -0.12  -0.23  -0.69  -0.90  -0.23   2.00   2.00 
TRP ASN
  2.00   2.00   2.00   2.00   1.37  -0.77  -1.42  -0.02  -0.34  -0.31   0.07  -0.37  -0.65  -0.14   1.55   2.00 
TRP LEU
  2.00   2.00   2.00   2.00   2.00  -0.65  -1.56   0.44  -0.05   0.36   0.32  -0.18  -0.99  -0.75   2.00   2.00 
TRP LYS
  2.00   2.00   2.00   2.00   2.00  -0.31  -1.74  -0.19  -0.33   0.17   0.17  -0.26  -0.58  -0.31   2.00   2.00 
TRP GLU
  2.00   2.00   2.00   2.00   2.00  -0.37  -1.67   0.26   0.09  -0.35   0.12  -0.50  -0.71  -0.24   2.00   2.00 
TRP GLN
  2.00   2.00   2.00   2.00   2.00  -0.43  -1.84  -0.03   0.02  -0.21   0.66  -0.12  -0.40  -0.33   1.18   2.00 
TRP ARG
  2.00   2.00   2.00   2.00   2.00  -0.56  -1.63   0.07   0.30   0.41  -0.09  -0.37  -0.78  -0.59   2.00   2.00 
TRP HIS
  2.00   2.00   2.00   2.00   0.87  -0.46  -1.21  -0.35  -0.16   0.08  -0.16  -0.46  -0.74  -0.74   1.79   2.00 
TRP PHE
  2.00   2.00   2.00   2.00   1.74  -0.25  -1.11   0.27   0.20   0.00  -0.16   0.06  -0.83  -1.38   0.64   2.00 
TRP TYR
  2.00   2.00   2.00   2.00   0.81  -0.46  -1.17   0.45   0.45   0.36  -0.08  -0.46  -0.68  -1.35   1.37   2.00 
TRP TRP
  2.00   2.00   2.00   2.00   1.39   0.13  -0.97   0.13  -0.32  -0.32   0.29  -0.69  -1.14  -0.81   0.69   2.00 
