GLY GLY
  2.00   2.00   2.00   2.00   1.58  -0.15   1.58   2.00   1.43   0.49  -0.47  -0.91  -1.36  -1.21  -0.80   2.00 
GLY ALA
  2.00   2.00   2.00   2.00   2.00   1.16   0.76   2.00   0.90  -0.00  -0.12  -0.88  -1.02  -1.75  -0.47   2.00 
GLY SER
  2.00   2.00   2.00   2.00   2.00   1.10   0.65   2.00   0.99   0.04  -0.73  -1.09  -0.94  -1.67   0.16   2.00 
GLY CYS
  2.00   2.00   2.00   2.00   2.00   2.00   2.00   2.00   2.00  -0.01  -0.66  -1.17  -1.22  -1.74   0.59   2.00 
GLY VAL
  2.00   2.00   2.00   2.00   2.00   2.00   0.86   2.00   2.00   0.25  -0.69  -0.83  -1.26  -1.80   0.45   2.00 
GLY THR
  2.00   2.00   2.00   2.00   2.00   0.91  -0.16   2.00   1.45  -0.07  -0.59  -1.04  -0.90  -1.60   0.03   2.00 
GLY ILE
  2.00   2.00   2.00   2.00   2.00   2.00   1.59   2.00   1.36   0.30  -0.32  -0.90  -1.27  -1.93   0.96   2.00 
GLY PRO
  2.00   2.00   2.00   2.00   2.00   2.00   1.05   1.34   0.24  -1.23  -1.17  -0.86  -1.35  -0.51   2.00   2.00 
GLY MET
  2.00   2.00   2.00   2.00   2.00   1.29   0.45   1.29   2.00   0.31  -0.32  -1.19  -0.83  -1.81  -0.01   2.00 
GLY ASP
  2.00   2.00   2.00   2.00   2.00   0.41   0.14   1.87   1.02  -0.25  -0.86  -1.02  -1.04  -1.47   1.02   2.00 
GLY ASN
  2.00   2.00   2.00   2.00   2.00   0.14  -0.19   1.09   0.76  -0.19  -0.39  -0.59  -1.44  -1.39   1.09   2.00 
GLY LEU
  2.00   2.00   2.00   2.00   2.00   1.97   0.62   2.00   1.81  -0.28  -0.42  -0.76  -1.31  -1.80   1.19   2.00 
GLY LYS
  2.00   2.00   2.00   2.00   2.00   0.86  -0.46   1.68   1.12  -0.37  -0.83  -0.98  -0.98  -1.39   1.27   2.00 
GLY GLU
  2.00   2.00   2.00   2.00   2.00   1.42  -0.59   2.00   1.42  -0.45  -0.65  -0.77  -1.00  -1.55   0.61   2.00 
GLY GLN
  2.00   2.00   2.00   2.00   2.00   1.27  -0.33   1.97   1.56   0.26  -0.95  -0.87  -1.08  -1.51   0.26   2.00 
GLY ARG
  2.00   2.00   2.00   2.00   2.00   0.63   0.14   2.00   1.24  -0.11  -0.40  -0.88  -1.34  -1.59   0.54   2.00 
GLY HIS
  2.00   2.00   2.00   2.00   2.00   0.90   0.50   2.00   0.90  -0.01  -0.19  -0.71  -1.40  -1.72   0.68   2.00 
GLY PHE
  2.00   2.00   2.00   2.00   2.00   1.83   0.65   2.00   2.00   0.65  -0.28  -0.94  -1.35  -1.82   0.13   2.00 
GLY TYR
  2.00   2.00   2.00   2.00   2.00   1.47   0.55   1.88   2.00   0.62  -0.07  -0.78  -1.56  -1.69   0.08   2.00 
GLY TRP
  2.00   2.00   2.00   2.00   2.00   1.55   0.64   2.00   1.55  -0.53  -0.70  -0.75  -1.44  -1.47   0.64   2.00 
ALA GLY
  2.00   2.00   2.00   2.00   1.68   0.22   0.43   1.68   1.08   0.22   0.14  -0.97  -0.92  -1.76  -0.16   2.00 
ALA ALA
  2.00   2.00   2.00   2.00   2.00   1.95   1.95   2.00   2.00   0.77   0.20  -0.71  -1.30  -1.96  -0.40   2.00 
ALA SER
  2.00   2.00   2.00   2.00   2.00   2.00   1.73   2.00   1.17   0.17  -0.32  -0.69  -1.53  -1.72   0.17   2.00 
ALA CYS
  2.00   2.00   2.00   2.00   2.00   2.00   2.00   2.00   2.00   1.51   0.59  -0.57  -1.46  -2.11   0.26   2.00 
ALA VAL
  2.00   2.00   2.00   2.00   2.00   2.00   2.00   2.00   2.00   1.51   0.15   0.21  -1.58  -2.16   0.95   2.00 
ALA THR
  2.00   2.00   2.00   2.00   2.00   2.00   1.95   1.54   1.73   0.39  -0.03  -0.71  -1.44  -1.94   0.77   2.00 
ALA ILE
  2.00   2.00   2.00   2.00   2.00   2.00   2.00   2.00   2.00   1.38   0.25   0.16  -1.60  -2.17   1.49   2.00 
ALA PRO
  2.00   2.00   2.00   2.00   2.00   2.00   1.23   0.72   0.25   0.13   0.38  -0.97  -2.05  -0.85   2.00   2.00 
ALA MET
  2.00   2.00   2.00   2.00   2.00   2.00   2.00   2.00   0.95   0.44   0.66  -0.03  -1.28  -2.13  -0.03   2.00 
ALA ASP
  2.00   2.00   2.00   2.00   2.00   0.80   1.21   1.21   0.23   0.44  -0.29  -1.19  -1.56  -1.27   0.60   2.00 
ALA ASN
  2.00   2.00   2.00   2.00   2.00   0.79   1.08   1.49   0.93  -0.26  -0.68  -0.93  -1.51  -1.35   0.93   2.00 
ALA LEU
  2.00   2.00   2.00   2.00   2.00   2.00   1.75   2.00   1.62   1.50   0.81   0.03  -1.70  -2.12   1.90   2.00 
ALA LYS
  2.00   2.00   2.00   2.00   2.00   1.19   0.85   2.00   0.60   0.16  -0.04  -1.01  -1.69  -1.45   1.19   2.00 
ALA GLU
  2.00   2.00   2.00   2.00   2.00   1.66   1.66   1.66   1.37   0.97  -0.46  -0.91  -1.57  -1.72   1.15   2.00 
ALA GLN
  2.00   2.00   2.00   2.00   2.00   1.65   1.24   1.24   0.95   0.55  -0.37  -0.43  -1.47  -1.87   0.73   2.00 
ALA ARG
  2.00   2.00   2.00   2.00   2.00   2.00   2.00   1.68   2.00   0.38  -0.11  -0.75  -1.51  -1.84   0.30   2.00 
ALA HIS
  2.00   2.00   2.00   2.00   2.00   2.00   1.11   2.00   1.11   0.13  -0.19  -0.68  -1.55  -1.78   0.60   2.00 
ALA PHE
  2.00   2.00   2.00   2.00   2.00   2.00   2.00   2.00   2.00   1.30   0.45  -0.34  -1.39  -2.16   0.26   2.00 
ALA TYR
  2.00   2.00   2.00   2.00   2.00   2.00   2.00   2.00   1.83   0.53  -0.06  -0.40  -1.15  -2.09  -0.29   2.00 
ALA TRP
  2.00   2.00   2.00   2.00   2.00   2.00   2.00   2.00   2.00   0.99   0.30  -0.48  -1.47  -2.01   0.01   2.00 
SER GLY
  2.00   2.00   2.00   2.00   2.00  -0.37   0.73   2.00   0.95  -0.06  -0.50  -0.86  -0.61  -1.74   0.09   2.00 
SER ALA
  2.00   2.00   2.00   2.00   2.00   1.00   1.84   1.00   1.55   0.74  -0.32  -0.72  -1.34  -1.90   0.74   2.00 
SER SER
  2.00   2.00   2.00   2.00   2.00   0.43   1.82   2.00   1.26   0.43   0.12  -0.29  -1.15  -2.01  -0.32   2.00 
SER CYS
  2.00   2.00   2.00   2.00   2.00   2.00   2.00   1.72   2.00  -0.08  -0.36  -0.85  -1.12  -2.00   0.62   2.00 
SER VAL
  2.00   2.00   2.00   2.00   2.00   2.00   1.50   2.00   1.97   1.09  -0.49  -0.79  -1.32  -1.98   0.94   2.00 
SER THR
  2.00   2.00   2.00   2.00   2.00   1.08   1.59   2.00   1.77   0.90  -0.02  -0.08  -1.23  -2.13   0.20   2.00 
SER ILE
  2.00   2.00   2.00   2.00   2.00   2.00   2.00   1.67   2.00   1.20  -0.51  -0.55  -1.40  -2.03   1.67   2.00 
SER PRO
  2.00   2.00   2.00   2.00   2.00   2.00   2.00   0.93   0.52   0.93   0.12  -1.40  -1.89  -1.05   2.00   2.00 
SER MET
  2.00   2.00   2.00   2.00   2.00   2.00   1.12   2.00   1.12   0.43  -0.27  -0.59  -1.59  -1.80   0.71   1.81 
SER ASP
  2.00   2.00   2.00   2.00   2.00   0.44   2.00   2.00   0.75   0.44  -0.26  -0.46  -1.60  -1.81   2.00   2.00 
SER ASN
  2.00   2.00   2.00   2.00   2.00  -0.12   0.82   2.00   1.16  -0.23  -0.60  -0.23  -1.31  -1.71   0.82   2.00 
SER LEU
  2.00   2.00   2.00   2.00   2.00   2.00   1.94   2.00   1.54   0.56  -0.23  -0.41  -1.57  -1.94   0.85   2.00 
SER LYS
  2.00   2.00   2.00   2.00   2.00   1.69   1.18   1.69   2.00   0.39   0.30  -0.65  -1.47  -1.90   0.22   2.00 
SER GLU
  2.00   2.00   2.00   2.00   2.00   2.00   2.00   2.00   1.06   0.29  -0.04  -0.24  -1.28  -2.11   0.45   2.00 
SER GLN
  2.00   2.00   2.00   2.00   2.00   1.73   1.33   1.73   1.73   0.23  -0.35  -0.21  -1.36  -1.97   0.35   2.00 
SER ARG
  2.00   2.00   2.00   2.00   2.00   1.13   0.95   2.00   1.64   1.13   0.95  -0.26  -1.36  -2.12   0.34   2.00 
SER HIS
  2.00   2.00   2.00   2.00   2.00   0.88   0.88   2.00   1.29   0.88   0.19  -0.66  -1.20  -2.04   0.37   2.00 
SER PHE
  2.00   2.00   2.00   2.00   2.00   2.00   2.00   2.00   2.00   0.64   0.01  -0.89  -1.06  -2.09   0.16   2.00 
SER TYR
  2.00   2.00   2.00   2.00   2.00   2.00   1.37   2.00   2.00  -0.02   0.19  -0.47  -1.16  -2.02  -0.29   2.00 
SER TRP
  2.00   2.00   2.00   2.00   2.00   1.68   1.68   1.68   1.68   0.30   0.58  -0.80  -1.21  -2.08   0.99   2.00 
CYS GLY
  2.00   2.00   2.00   2.00   2.00  -0.04   1.56   2.00   0.87   0.87  -0.51  -0.74  -1.35  -1.65   0.06   2.00 
CYS ALA
  2.00   2.00   2.00   2.00   2.00   2.00   2.00   2.00   1.50   1.50  -0.11  -0.29  -1.67  -1.96   0.59   2.00 
CYS SER
  2.00   2.00   2.00   2.00   2.00   1.37   1.37   2.00   1.37   2.00  -0.24  -0.88  -1.57  -1.79   0.45   2.00 
CYS CYS
  2.00   2.00   2.00   2.00   2.00   2.00   2.00   2.00   1.67   0.57   0.57  -0.81  -1.80  -1.80   0.98   2.00 
CYS VAL
  2.00   2.00   2.00   2.00   2.00   2.00   2.00   2.00   2.00   2.00   0.72  -0.50  -1.64  -2.10   1.01   2.00 
CYS THR
  2.00   2.00   2.00   2.00   2.00   2.00   2.00   2.00   2.00  -0.50   0.45  -0.71  -1.72  -1.72   0.97   2.00 
CYS ILE
  2.00   2.00   2.00   2.00   2.00   2.00   2.00   2.00   2.00   0.85   0.63  -0.16  -1.79  -2.04   1.54   2.00 
CYS PRO
  2.00   2.00   2.00   2.00   2.00   2.00   2.00   2.00   0.19  -0.10  -0.50  -0.91  -2.01  -0.91   2.00   2.00 
CYS MET
  2.00   2.00   2.00   2.00   2.00   2.00   2.00   2.00   2.00   1.12   0.02   0.43  -1.59  -2.10   0.43   1.12 
CYS ASP
  2.00   2.00   2.00   2.00   2.00   1.87   1.87   2.00   1.18  -0.07  -0.33  -1.53  -1.77  -0.84   1.87   2.00 
CYS ASN
  2.00   2.00   2.00   2.00   2.00   2.00   2.00   1.54   2.00  -0.65  -1.02  -0.94  -1.50  -1.40   2.00   2.00 
CYS LEU
  2.00   2.00   2.00   2.00   2.00   1.60   2.00   2.00   1.60   0.68  -0.11  -0.11  -1.68  -1.99   1.60   2.00 
CYS LYS
  2.00   2.00   2.00   2.00   2.00   1.58   2.00   2.00   2.00   0.49   1.58  -0.98  -1.94  -1.67   2.00   2.00 
CYS GLU
  2.00   2.00   2.00   2.00   2.00   0.89   2.00   1.58   1.58   1.58   0.49  -1.19  -1.51  -1.82   0.89   2.00 
CYS GLN
  2.00   2.00   2.00   2.00   2.00   2.00   2.00   2.00   2.00   0.52  -0.17  -0.17  -1.83  -1.87   1.22   2.00 
CYS ARG
  2.00   2.00   2.00   2.00   2.00   2.00   2.00   2.00   2.00   0.35  -0.34  -1.03  -1.48  -1.85   1.05   2.00 
CYS HIS
  2.00   2.00   2.00   2.00   2.00   0.15   0.84   2.00   0.84   2.00  -0.77  -0.95  -1.36  -1.65   0.84   2.00 
CYS PHE
  2.00   2.00   2.00   2.00   2.00   2.00   2.00   2.00   2.00   0.62   2.00  -0.48  -1.42  -2.25   1.72   2.00 
CYS TYR
  2.00   2.00   2.00   2.00   2.00   2.00   2.00   1.65   1.65   0.26   1.65  -1.24  -1.24  -2.02   1.65   2.00 
CYS TRP
  2.00   2.00   2.00   2.00   2.00   2.00   2.00   2.00   2.00   0.66  -0.03  -0.72  -0.95  -2.28   2.00   2.00 
VAL GLY
  2.00   2.00   2.00   2.00   1.17  -0.40   1.63   1.92   1.41   0.90  -0.40  -0.99  -1.35  -1.58   1.12   2.00 
VAL ALA
  2.00   2.00   2.00   2.00   2.00   2.00   2.00   2.00   2.00   1.45   0.18  -0.90  -1.60  -1.95   1.04   2.00 
VAL SER
  2.00   2.00   2.00   2.00   2.00   1.97   2.00   2.00   1.97   1.20   0.15  -1.15  -1.53  -1.87   1.57   2.00 
VAL CYS
  2.00   2.00   2.00   2.00   2.00   2.00   2.00   2.00   2.00   1.61   0.63  -0.38  -1.66  -2.13   2.00   2.00 
VAL VAL
  2.00   2.00   2.00   2.00   2.00   2.00   2.00   2.00   2.00   2.00   1.38  -0.16  -1.61  -2.24   2.00   2.00 
VAL THR
  2.00   2.00   2.00   2.00   2.00   1.95   2.00   2.00   2.00   1.70   0.53  -0.74  -1.47  -2.13   1.50   2.00 
VAL ILE
  2.00   2.00   2.00   2.00   2.00   2.00   2.00   2.00   2.00   2.00   1.10  -0.10  -1.71  -2.18   2.00   2.00 
VAL PRO
  2.00   2.00   2.00   2.00   2.00   2.00   2.00   1.24   0.47   0.40   0.33  -0.95  -2.03  -1.23   2.00   2.00 
VAL MET
  2.00   2.00   2.00   2.00   2.00   2.00   2.00   2.00   2.00   2.00   0.64  -0.78  -1.52  -2.12   1.73   2.00 
VAL ASP
  2.00   2.00   2.00   2.00   2.00   0.52   2.00   2.00   1.71   0.28  -0.51  -1.00  -1.85  -1.22   2.00   2.00 
VAL ASN
  2.00   2.00   2.00   2.00   2.00   0.94   1.71   2.00   2.00  -0.33  -0.59  -0.94  -1.68  -1.41   2.00   2.00 
VAL LEU
  2.00   2.00   2.00   2.00   2.00   2.00   2.00   2.00   2.00   2.00   0.92  -0.28  -1.73  -2.11   1.77   2.00 
VAL LYS
  2.00   2.00   2.00   2.00   2.00   2.00   2.00   2.00   1.88   0.92  -0.07  -1.18  -1.74  -1.62   2.00   2.00 
VAL GLU
  2.00   2.00   2.00   2.00   2.00   1.31   2.00   1.82   2.00   1.05  -0.45  -1.24  -1.66  -1.54   2.00   2.00 
VAL GLN
  2.00   2.00   2.00   2.00   2.00   1.42   2.00   2.00   2.00   0.63  -0.41  -0.78  -1.70  -1.72   0.95   2.00 
VAL ARG
  2.00   2.00   2.00   2.00   2.00   2.00   2.00   2.00   2.00   1.62   0.01  -1.31  -1.58  -1.76   1.80   2.00 
VAL HIS
  2.00   2.00   2.00   2.00   2.00   1.65   2.00   2.00   2.00   1.14  -0.25  -0.84  -1.65  -1.82   1.36   2.00 
VAL PHE
  2.00   2.00   2.00   2.00   2.00   2.00   2.00   2.00   2.00   1.54   0.85  -0.37  -1.40  -2.24   0.97   2.00 
VAL TYR
  2.00   2.00   2.00   2.00   2.00   2.00   2.00   2.00   2.00   2.00   0.95  -0.50  -1.65  -2.10   0.88   2.00 
VAL TRP
  2.00   2.00   2.00   2.00   2.00   2.00   2.00   2.00   2.00   2.00   0.40  -0.85  -1.53  -2.08   1.09   2.00 
THR GLY
  2.00   2.00   2.00   2.00   2.00   0.34   1.39   1.79   0.98  -0.12  -0.61  -0.67  -1.29  -1.70   0.69   2.00 
THR ALA
  2.00   2.00   2.00   2.00   2.00   1.93   1.71   2.00   1.71   0.32  -0.18  -0.99  -1.38  -1.85   0.61   2.00 
THR SER
  2.00   2.00   2.00   2.00   2.00   2.00   1.87   2.00   1.40   0.91  -0.05  -0.31  -1.34  -2.10   0.43   2.00 
THR CYS
  2.00   2.00   2.00   2.00   2.00   2.00   2.00   2.00   1.10   0.69  -0.61  -0.69  -1.39  -1.95   1.10   2.00 
THR VAL
  2.00   2.00   2.00   2.00   2.00   2.00   2.00   2.00   2.00   1.17  -0.02  -0.68  -1.58  -2.03   1.73   2.00 
THR THR
  2.00   2.00   2.00   2.00   2.00   2.00   2.00   2.00   2.00   1.09   0.30  -0.13  -1.46  -2.16   0.81   2.00 
THR ILE
  2.00   2.00   2.00   2.00   2.00   2.00   2.00   2.00   2.00   1.06  -0.31  -0.78  -1.71  -1.83   1.34   2.00 
THR PRO
  2.00   2.00   2.00   2.00   2.00   1.85   1.44   0.75   0.24  -0.02   0.46  -0.89  -2.06  -0.86   2.00   2.00 
THR MET
  2.00   2.00   2.00   2.00   2.00   2.00   1.39   2.00   1.39   1.39  -0.11  -0.48  -1.63  -1.99   2.00   2.00 
THR ASP
  2.00   2.00   2.00   2.00   2.00   0.62   1.63   2.00   0.82  -0.24   0.08  -0.81  -1.82  -1.35   1.41   2.00 
THR ASN
  2.00   2.00   2.00   2.00   2.00   0.64   1.84   1.55   1.55  -0.43  -0.49  -0.70  -1.56  -1.56   1.55   2.00 
THR LEU
  2.00   2.00   2.00   2.00   2.00   2.00   2.00   2.00   2.00   1.09  -0.57  -0.84  -1.69  -1.78   2.00   2.00 
THR LYS
  2.00   2.00   2.00   2.00   2.00   1.76   2.00   2.00   1.20   1.07   0.20  -0.41  -1.71  -1.96   2.00   2.00 
THR GLU
  2.00   2.00   2.00   2.00   2.00   2.00   1.59   2.00   1.25   0.71   0.15  -0.33  -1.62  -1.96   0.89   2.00 
THR GLN
  2.00   2.00   2.00   2.00   2.00   2.00   2.00   2.00   2.00   1.17   0.38  -0.27  -1.61  -2.04   0.38   2.00 
THR ARG
  2.00   2.00   2.00   2.00   2.00   1.27   1.68   2.00   2.00   1.27   0.17  -0.55  -1.37  -2.13   1.68   2.00 
THR HIS
  2.00   2.00   2.00   2.00   2.00   1.40   1.81   2.00   1.40   0.71   0.55  -0.33  -1.59  -2.02   1.11   2.00 
THR PHE
  2.00   2.00   2.00   2.00   2.00   1.84   2.00   2.00   2.00   0.54   0.05  -0.64  -1.42  -2.08   1.55   2.00 
THR TYR
  2.00   2.00   2.00   2.00   2.00   2.00   2.00   2.00   2.00   1.12   0.23  -0.43  -1.37  -2.19   0.99   2.00 
THR TRP
  2.00   2.00   2.00   2.00   2.00   2.00   2.00   1.34   2.00   0.65  -0.53  -0.45  -1.26  -2.03   0.65   2.00 
ILE GLY
  2.00   2.00   2.00   2.00   1.69  -0.08   1.49   1.94   1.49   1.18  -0.54  -1.01  -1.25  -1.71   1.00   2.00 
ILE ALA
  2.00   2.00   2.00   2.00   2.00   2.00   2.00   2.00   2.00   1.69   0.31  -1.05  -1.68  -1.85   1.00   2.00 
ILE SER
  2.00   2.00   2.00   2.00   2.00   1.81   1.63   2.00   2.00   1.47  -0.34  -1.16  -1.51  -1.81   2.00   2.00 
ILE CYS
  2.00   2.00   2.00   2.00   2.00   2.00   2.00   2.00   2.00   2.00   0.34  -0.30  -1.90  -1.94   1.26   2.00 
ILE VAL
  2.00   2.00   2.00   2.00   2.00   2.00   2.00   2.00   2.00   2.00   1.03   0.18  -1.73  -2.20   2.00   2.00 
ILE THR
  2.00   2.00   2.00   2.00   2.00   2.00   2.00   2.00   2.00   1.66   0.24  -0.59  -1.61  -2.05   1.20   2.00 
ILE ILE
  2.00   2.00   2.00   2.00   2.00   2.00   2.00   2.00   2.00   2.00   1.20  -0.19  -1.74  -2.15   2.00   2.00 
ILE PRO
  2.00   2.00   2.00   2.00   2.00   2.00   2.00   1.79   0.49   0.49   0.58  -1.24  -2.05  -0.96   2.00   2.00 
ILE MET
  2.00   2.00   2.00   2.00   2.00   2.00   2.00   2.00   2.00   1.90   1.20  -0.78  -1.72  -2.01   0.98   2.00 
ILE ASP
  2.00   2.00   2.00   2.00   2.00   0.63   2.00   1.88   1.07   0.50  -0.31  -1.28  -1.80  -1.16   2.00   2.00 
ILE ASN
  2.00   2.00   2.00   2.00   2.00   0.90   2.00   2.00   1.81  -0.30  -0.73  -1.18  -1.65  -1.20   2.00   2.00 
ILE LEU
  2.00   2.00   2.00   2.00   2.00   2.00   2.00   2.00   2.00   2.00   1.70  -0.42  -1.83  -2.05   2.00   2.00 
ILE LYS
  2.00   2.00   2.00   2.00   2.00   1.45   2.00   2.00   2.00   1.30  -0.36  -1.32  -1.64  -1.59   2.00   2.00 
ILE GLU
  2.00   2.00   2.00   2.00   2.00   1.90   2.00   1.90   1.90   0.40  -0.29  -1.03  -1.76  -1.56   2.00   2.00 
ILE GLN
  2.00   2.00   2.00   2.00   2.00   1.61   2.00   2.00   2.00   1.61  -0.06  -1.20  -1.70  -1.72   2.00   2.00 
ILE ARG
  2.00   2.00   2.00   2.00   2.00   2.00   2.00   2.00   2.00   0.32   0.06  -1.09  -1.78  -1.63   2.00   2.00 
ILE HIS
  2.00   2.00   2.00   2.00   2.00   2.00   2.00   1.47   1.88   1.88   0.00  -0.80  -1.62  -1.93   1.18   2.00 
ILE PHE
  2.00   2.00   2.00   2.00   2.00   2.00   2.00   2.00   2.00   2.00   0.64  -0.27  -1.62  -2.16   1.40   2.00 
ILE TYR
  2.00   2.00   2.00   2.00   2.00   2.00   2.00   2.00   2.00   1.82   0.72  -0.74  -1.55  -2.09   1.13   2.00 
ILE TRP
  2.00   2.00   2.00   2.00   2.00   2.00   2.00   2.00   2.00   1.97   0.03  -0.59  -1.49  -2.03   0.18   1.97 
PRO GLY
  2.00   2.00   2.00   2.00   2.00  -0.62   0.22   1.03   0.22   1.03  -0.29  -1.39  -1.24  -1.11   2.00   2.00 
PRO ALA
  2.00   2.00   2.00   2.00   2.00   2.00   1.56   1.56   0.05  -0.15  -0.93  -0.88  -1.49  -1.39   2.00   2.00 
PRO SER
  2.00   2.00   2.00   2.00   2.00   1.10   0.25   0.25   1.10   0.25  -0.58  -0.89  -1.59  -1.33   2.00   2.00 
PRO CYS
  2.00   2.00   2.00   2.00   1.48   2.00   2.00   1.48   0.78   0.09  -0.72  -0.83  -1.41  -1.74   2.00   2.00 
PRO VAL
  2.00   2.00   2.00   2.00   2.00   2.00   2.00   2.00   2.00   0.81  -0.26  -0.74  -1.98  -1.53   2.00   2.00 
PRO THR
  2.00   2.00   2.00   2.00   2.00   2.00   1.85   2.00   1.85  -0.23  -0.40  -0.89  -1.74  -1.55   2.00   2.00 
PRO ILE
  2.00   2.00   2.00   2.00   2.00   2.00   1.90   1.90   1.90   0.70  -0.26  -0.71  -2.01  -1.41   2.00   2.00 
PRO PRO
  2.00   2.00   2.00   2.00   2.00   2.00   2.00  -0.08   0.15   0.15   0.84  -1.18  -1.99  -0.77   2.00   2.00 
PRO MET
  2.00   2.00   2.00   2.00   2.00   2.00   1.05   1.05   1.74   1.05  -0.75  -0.97  -1.76  -1.44   2.00   2.00 
PRO ASP
  2.00   2.00   2.00   2.00   2.00   0.97   0.56   0.56   0.97   0.05  -0.29  -1.48  -1.52  -1.05   2.00   2.00 
PRO ASN
  2.00   2.00   2.00   2.00   2.00   0.82   1.52   0.82   1.52  -0.27  -1.25  -1.25  -1.32  -0.97   2.00   2.00 
PRO LEU
  2.00   2.00   2.00   2.00   2.00   2.00   1.07   1.92   1.41   0.19   0.19  -1.18  -1.91  -1.27   2.00   2.00 
PRO LYS
  2.00   2.00   2.00   2.00   2.00   2.00   0.92   0.92   0.23   0.92  -0.37  -0.81  -1.93  -1.20   2.00   2.00 
PRO GLU
  2.00   2.00   2.00   2.00   2.00   0.90   2.00   0.90   1.30   0.39  -0.64  -1.30  -1.69  -1.14   2.00   2.00 
PRO GLN
  2.00   2.00   2.00   2.00   2.00   2.00   1.62   0.93   1.62   0.01  -1.02  -0.86  -1.67  -1.32   2.00   2.00 
PRO ARG
  2.00   2.00   2.00   2.00   2.00   1.15   0.86   1.56   0.31   0.31   0.17  -1.12  -1.91  -1.04   2.00   2.00 
PRO HIS
  2.00   2.00   2.00   2.00   2.00   2.00   2.00  -0.03   1.35   0.66  -1.04  -1.13  -1.74  -0.95   2.00   2.00 
PRO PHE
  2.00   2.00   2.00   2.00   2.00   2.00   2.00   2.00   2.00   0.17  -0.18  -0.77  -1.60  -1.91   2.00   2.00 
PRO TYR
  2.00   2.00   2.00   2.00   2.00   2.00   1.45   1.45   2.00   0.20  -0.80  -0.90  -1.59  -1.59   2.00   2.00 
PRO TRP
  2.00   2.00   2.00   2.00   1.20   1.20   2.00   1.20   2.00   0.50   0.10  -0.59  -2.02  -1.44   2.00   2.00 
MET GLY
  2.00   2.00   2.00   2.00   2.00   0.18   1.17   1.17   2.00   0.65  -0.68  -0.73  -1.20  -1.71  -0.04   2.00 
MET ALA
  2.00   2.00   2.00   2.00   2.00   2.00   2.00   2.00   2.00   0.29  -0.07  -1.03  -1.32  -1.86   0.03   2.00 
MET SER
  2.00   2.00   2.00   2.00   2.00   2.00   2.00   2.00   0.95   0.26  -0.15  -0.84  -1.39  -1.88   0.44   2.00 
MET CYS
  2.00   2.00   2.00   2.00   2.00   2.00   2.00   2.00   2.00   0.59  -0.50  -0.91  -1.11  -2.04   0.59   2.00 
MET VAL
  2.00   2.00   2.00   2.00   2.00   2.00   2.00   2.00   2.00   1.03   1.03  -0.01  -1.49  -2.24   0.75   2.00 
MET THR
  2.00   2.00   2.00   2.00   2.00   2.00   2.00   2.00   2.00   0.36  -0.34  -0.63  -1.52  -1.95   1.05   2.00 
MET ILE
  2.00   2.00   2.00   2.00   2.00   2.00   2.00   2.00   2.00   2.00   1.17  -0.48  -1.63  -2.16   2.00   2.00 
MET PRO
  2.00   2.00   2.00   2.00   2.00   2.00   1.48   0.78   2.00   0.09  -0.32  -0.83  -2.11  -0.92   2.00   2.00 
MET MET
  2.00   2.00   2.00   2.00   2.00   2.00   0.59   2.00   2.00   1.29   0.19  -0.32  -1.60  -1.97   0.19   2.00 
MET ASP
  2.00   2.00   2.00   2.00   2.00   1.06   1.06   1.75   1.06  -0.45  -0.04  -0.74  -2.01  -0.89   1.75   2.00 
MET ASN
  2.00   2.00   2.00   2.00   2.00   0.88   2.00   2.00   1.57  -0.51  -0.51  -0.99  -1.42  -1.52   0.47   2.00 
MET LEU
  2.00   2.00   2.00   2.00   2.00   2.00   2.00   2.00   2.00   1.82   0.72  -0.19  -1.83  -2.05   2.00   2.00 
MET LYS
  2.00   2.00   2.00   2.00   2.00   1.80   1.80   2.00   0.70   2.00  -0.50  -1.24  -1.42  -1.69   0.70   2.00 
MET GLU
  2.00   2.00   2.00   2.00   2.00   2.00   1.65   1.65   1.65  -0.30   0.04  -1.30  -1.44  -1.61   1.65   2.00 
MET GLN
  2.00   2.00   2.00   2.00   2.00   2.00   0.69   1.39   1.39   1.39  -0.22  -0.00  -1.10  -2.20   0.69   2.00 
MET ARG
  2.00   2.00   2.00   2.00   2.00   2.00   1.78   2.00   2.00   0.68  -0.01  -1.05  -1.72  -1.75   1.78   2.00 
MET HIS
  2.00   2.00   2.00   2.00   2.00   2.00   2.00   1.10   1.10   0.41  -0.00  -1.10  -1.54  -1.73   1.10   2.00 
MET PHE
  2.00   2.00   2.00   2.00   2.00   2.00   2.00   2.00   2.00   2.00   0.82  -0.36  -1.41  -2.25   0.59   2.00 
MET TYR
  2.00   2.00   2.00   2.00   2.00   2.00   1.95   2.00   2.00   2.00   0.35  -0.68  -1.45  -2.17   1.95   2.00 
MET TRP
  2.00   2.00   2.00   2.00   2.00   2.00   1.08   2.00   2.00   1.08   0.38  -0.71  -1.76  -1.76  -0.02   2.00 
ASP GLY
  2.00   2.00   2.00   2.00   1.38  -0.70  -0.01   1.38   1.38  -0.16  -0.70  -0.74  -1.08  -1.24   0.68   2.00 
ASP ALA
  2.00   2.00   2.00   2.00   2.00   1.49   0.40   1.90   0.80  -0.18  -1.12  -1.10  -1.36  -0.96   0.29   2.00 
ASP SER
  2.00   2.00   2.00   2.00   2.00   0.36   0.65   1.05   0.49  -0.05  -0.65  -0.78  -1.09  -1.62   0.49   2.00 
ASP CYS
  2.00   2.00   2.00   2.00   2.00   1.12   1.12   2.00   1.12  -0.83  -1.37  -1.45  -0.67  -0.96   2.00   2.00 
ASP VAL
  2.00   2.00   2.00   2.00   2.00   2.00   0.98   2.00   1.68  -0.14  -1.46  -1.12  -1.33  -1.07   2.00   2.00 
ASP THR
  2.00   2.00   2.00   2.00   2.00   1.20   0.41   0.86   1.71   0.25  -0.77  -1.06  -1.60  -1.20   1.02   2.00 
ASP ILE
  2.00   2.00   2.00   2.00   2.00   2.00   0.63   2.00   1.88  -0.29  -1.48  -0.92  -1.28  -1.16   2.00   2.00 
ASP PRO
  2.00   2.00   2.00   2.00   2.00   2.00   1.13   2.00   0.44  -0.82  -0.89  -1.27  -1.54  -0.74   2.00   2.00 
ASP MET
  2.00   2.00   2.00   2.00   2.00   1.65   0.95   2.00   2.00  -0.43  -0.92  -1.13  -1.44  -1.35   1.65   2.00 
ASP ASP
  2.00   2.00   2.00   2.00   2.00  -0.33   0.85   1.54   0.44  -0.81  -0.41  -1.03  -1.43  -0.86   1.54   2.00 
ASP ASN
  2.00   2.00   2.00   2.00   2.00  -0.55   0.15   1.53   0.03  -0.87  -0.34  -0.87  -1.24  -0.87   2.00   2.00 
ASP LEU
  2.00   2.00   2.00   2.00   2.00   2.00   1.35   1.35   2.00  -0.44  -1.39  -0.86  -1.36  -1.21   2.00   2.00 
ASP LYS
  2.00   2.00   2.00   2.00   2.00   0.85  -1.17   1.70   0.85   0.23  -0.38  -0.57  -1.26  -1.33   1.00   2.00 
ASP GLU
  2.00   2.00   2.00   2.00   2.00   0.39  -0.57   2.00   0.61   0.21  -0.68  -0.77  -1.42  -1.26   1.08   2.00 
ASP GLN
  2.00   2.00   2.00   2.00   2.00   0.20  -0.31   1.99   2.00   0.04  -0.50  -0.72  -1.38  -1.51   0.60   2.00 
ASP ARG
  2.00   2.00   2.00   2.00   2.00   0.43  -0.19   2.00   1.28   0.43  -0.62  -1.06  -1.34  -1.41   0.77   2.00 
ASP HIS
  2.00   2.00   2.00   2.00   1.67   0.06   0.98   1.67   1.67   0.28  -0.12  -0.41  -1.63  -1.73   2.00   2.00 
ASP PHE
  2.00   2.00   2.00   2.00   2.00   2.00   0.34   1.72   1.72   0.02  -1.02  -1.08  -1.25  -1.41   0.47   2.00 
ASP TYR
  2.00   2.00   2.00   2.00   2.00   1.51   0.82   2.00   1.00   0.04  -0.89  -0.79  -1.26  -1.71   1.22   2.00 
ASP TRP
  2.00   2.00   2.00   2.00   2.00   2.00   0.57   0.98   0.98   0.28  -1.10  -0.97  -1.33  -1.47   1.67   2.00 
ASN GLY
  2.00   2.00   2.00   2.00   2.00  -0.19  -0.26   1.42   0.72   0.21  -0.58  -1.04  -1.27  -1.15   0.44   2.00 
ASN ALA
  2.00   2.00   2.00   2.00   2.00   1.04   0.57   0.86   0.57  -0.29  -0.53  -1.11  -1.32  -1.37   1.04   2.00 
ASN SER
  2.00   2.00   2.00   2.00   2.00   0.81   0.20   1.91   1.50   0.20  -0.17  -1.11  -1.33  -1.59   0.41   2.00 
ASN CYS
  2.00   2.00   2.00   2.00   2.00   2.00  -0.41   2.00   1.20   1.20  -1.20  -1.37  -1.20  -1.20   2.00   2.00 
ASN VAL
  2.00   2.00   2.00   2.00   2.00   2.00   0.12   1.91   1.00   0.16  -0.90  -1.07  -1.39  -1.41   1.51   2.00 
ASN THR
  2.00   2.00   2.00   2.00   2.00   0.60   0.11   2.00   2.00   1.21  -0.29  -0.85  -1.60  -1.66   1.62   2.00 
ASN ILE
  2.00   2.00   2.00   2.00   2.00   2.00   0.65   1.44   1.95   0.21  -0.98  -1.19  -1.36  -1.43   1.95   2.00 
ASN PRO
  2.00   2.00   2.00   2.00   2.00   1.10   1.10   1.10   0.18  -0.69  -1.10  -0.98  -1.50  -0.69   2.00   2.00 
ASN MET
  2.00   2.00   2.00   2.00   1.56   2.00   0.86   2.00   0.17   0.46  -0.23  -1.39  -1.33  -1.58   2.00   2.00 
ASN ASP
  2.00   2.00   2.00   2.00   2.00   0.64   1.15   2.00   1.56  -0.15  -0.58  -1.15  -1.46  -1.46   2.00   2.00 
ASN ASN
  2.00   2.00   2.00   2.00   2.00  -0.16   0.07   0.76   1.45   0.07  -0.63  -0.74  -1.49  -1.29   1.45   2.00 
ASN LEU
  2.00   2.00   2.00   2.00   2.00   1.73   1.22   2.00   2.00   0.26  -0.96  -1.36  -1.44  -1.35   2.00   2.00 
ASN LYS
  2.00   2.00   2.00   2.00   2.00   0.59  -1.24   2.00   1.28   0.18  -0.59  -0.73  -1.20  -1.26   2.00   2.00 
ASN GLU
  2.00   2.00   2.00   2.00   2.00   1.76  -1.01   1.76   1.35   0.06  -0.44  -0.91  -1.33  -1.33   2.00   2.00 
ASN GLN
  2.00   2.00   2.00   2.00   2.00   0.85  -0.90   2.00   2.00   0.62  -0.17  -0.71  -1.62  -1.38   1.13   2.00 
ASN ARG
  2.00   2.00   2.00   2.00   2.00   1.03  -0.67   1.73   0.81   1.03  -0.88  -0.95  -1.36  -1.16   0.47   2.00 
ASN HIS
  2.00   2.00   2.00   2.00   2.00  -0.43  -0.09   2.00   2.00   0.82  -0.97  -0.09  -1.43  -1.57   1.52   2.00 
ASN PHE
  2.00   2.00   2.00   2.00   2.00   2.00   1.29   2.00   1.29   0.60  -0.83  -1.13  -1.30  -1.65   0.78   2.00 
ASN TYR
  2.00   2.00   2.00   2.00   2.00   0.61   0.49   2.00   2.00   0.39  -0.08  -1.18  -1.02  -1.86   0.90   2.00 
ASN TRP
  2.00   2.00   2.00   2.00   2.00   1.66   2.00   1.66   1.66  -0.42  -0.64  -0.91  -1.39  -1.67   1.66   2.00 
LEU GLY
  2.00   2.00   2.00   2.00   1.46   0.17   1.66   1.46   1.22   0.56  -0.15  -0.90  -1.41  -1.72   1.09   2.00 
LEU ALA
  2.00   2.00   2.00   2.00   2.00   2.00   2.00   2.00   1.70   1.07   0.38  -0.92  -1.62  -1.91   1.07   2.00 
LEU SER
  2.00   2.00   2.00   2.00   2.00   2.00   2.00   2.00   1.52   0.82  -0.06  -1.11  -1.42  -1.89   0.90   2.00 
LEU CYS
  2.00   2.00   2.00   2.00   2.00   2.00   2.00   2.00   2.00   2.00   0.75  -0.49  -1.82  -1.99   1.30   2.00 
LEU VAL
  2.00   2.00   2.00   2.00   2.00   2.00   2.00   2.00   2.00   1.99   0.86  -0.20  -1.82  -2.06   1.73   2.00 
LEU THR
  2.00   2.00   2.00   2.00   2.00   2.00   2.00   2.00   2.00   1.00   0.01  -0.91  -1.43  -2.01   1.27   2.00 
LEU ILE
  2.00   2.00   2.00   2.00   2.00   2.00   2.00   2.00   2.00   2.00   0.77  -0.35  -1.81  -2.04   2.00   2.00 
LEU PRO
  2.00   2.00   2.00   2.00   2.00   2.00   2.00   0.99   0.37   0.63   0.53  -1.23  -2.16  -0.53   2.00   2.00 
LEU MET
  2.00   2.00   2.00   2.00   1.78   2.00   2.00   2.00   1.78   1.37   1.37  -0.79  -1.36  -2.13   0.52   2.00 
LEU ASP
  2.00   2.00   2.00   2.00   2.00   0.85   1.03   1.54   0.56  -0.19  -0.38  -1.21  -1.75  -0.96   2.00   2.00 
LEU ASN
  2.00   2.00   2.00   2.00   2.00   1.48   1.70   1.99   0.19  -0.63  -0.72  -0.99  -1.44  -1.26   1.29   2.00 
LEU LEU
  2.00   2.00   2.00   2.00   2.00   2.00   2.00   2.00   2.00   1.72   0.95  -0.35  -1.80  -2.05   2.00   2.00 
LEU LYS
  2.00   2.00   2.00   2.00   2.00   2.00   2.00   2.00   1.29   0.40  -0.06  -1.14  -1.82  -1.48   2.00   2.00 
LEU GLU
  2.00   2.00   2.00   2.00   2.00   2.00   2.00   2.00   1.18   0.42  -0.38  -1.28  -1.70  -1.40   1.87   2.00 
LEU GLN
  2.00   2.00   2.00   2.00   2.00   2.00   2.00   2.00   1.39   0.99  -0.26  -1.17  -1.69  -1.65   2.00   2.00 
LEU ARG
  2.00   2.00   2.00   2.00   2.00   2.00   2.00   2.00   1.99   0.52  -0.21  -1.03  -1.67  -1.75   1.99   2.00 
LEU HIS
  2.00   2.00   2.00   2.00   2.00   2.00   1.45   2.00   2.00   1.16  -0.34  -0.98  -1.71  -1.70   1.16   2.00 
LEU PHE
  2.00   2.00   2.00   2.00   2.00   2.00   2.00   2.00   2.00   2.00   0.85  -0.22  -1.54  -2.19   0.78   2.00 
LEU TYR
  2.00   2.00   2.00   2.00   2.00   2.00   2.00   2.00   2.00   1.61   0.27  -0.45  -1.51  -2.13   0.82   2.00 
LEU TRP
  2.00   2.00   2.00   2.00   2.00   2.00   2.00   2.00   1.58   1.58   0.19  -0.72  -1.64  -1.95   0.88   2.00 
LYS GLY
  2.00   2.00   2.00   2.00   1.72  -1.16   0.47   2.00   0.91   0.47  -0.77  -0.66  -1.02  -1.23   0.54   2.00 
LYS ALA
  2.00   2.00   2.00   2.00   2.00   2.00   2.00   2.00   2.00   0.51  -0.31  -0.96  -1.67  -1.67   0.97   2.00 
LYS SER
  2.00   2.00   2.00   2.00   2.00   1.32   0.85   1.32   1.13   1.13   0.29  -0.90  -1.44  -1.85   0.62   2.00 
LYS CYS
  2.00   2.00   2.00   2.00   2.00   1.75   1.75   2.00   1.06   0.36  -0.45  -1.14  -1.30  -1.81   1.75   2.00 
LYS VAL
  2.00   2.00   2.00   2.00   2.00   2.00   2.00   2.00   1.81   0.76  -0.58  -0.64  -1.66  -1.80   1.96   2.00 
LYS THR
  2.00   2.00   2.00   2.00   2.00   2.00   1.30   2.00   2.00   1.18   0.43  -0.83  -1.78  -1.82   1.77   2.00 
LYS ILE
  2.00   2.00   2.00   2.00   2.00   2.00   2.00   2.00   2.00   0.83  -0.61  -0.86  -1.65  -1.75   1.59   2.00 
LYS PRO
  2.00   2.00   2.00   2.00   2.00   0.77   1.18   0.26   0.08  -0.07   0.08  -1.22  -1.77  -0.84   2.00   2.00 
LYS MET
  2.00   2.00   2.00   2.00   2.00   2.00   1.93   2.00   0.83   1.23  -0.56  -0.71  -1.57  -1.86   1.93   2.00 
LYS ASP
  2.00   2.00   2.00   2.00   2.00   0.01   1.55   2.00   1.96   0.17  -0.06  -0.87  -1.80  -1.39   1.55   2.00 
LYS ASN
  2.00   2.00   2.00   2.00   2.00   0.75   0.75   2.00   2.00  -0.48  -0.42  -0.64  -1.69  -1.45   1.66   2.00 
LYS LEU
  2.00   2.00   2.00   2.00   2.00   2.00   1.51   2.00   2.00   0.75  -0.55  -1.00  -1.73  -1.60   2.00   2.00 
LYS LYS
  2.00   2.00   2.00   2.00   2.00   1.36   0.49   2.00   1.36   0.57  -0.12  -0.84  -1.61  -1.75   2.00   2.00 
LYS GLU
  2.00   2.00   2.00   2.00   2.00   2.00   1.05   2.00   1.61   0.59   0.43  -0.70  -1.66  -1.87   0.91   2.00 
LYS GLN
  2.00   2.00   2.00   2.00   2.00   1.21   0.92   2.00   2.00   0.52  -0.26  -0.58  -1.52  -1.91   2.00   2.00 
LYS ARG
  2.00   2.00   2.00   2.00   2.00   2.00   0.75   2.00   2.00   0.75   0.06  -0.44  -1.78  -1.81   1.60   2.00 
LYS HIS
  2.00   2.00   2.00   2.00   2.00   1.34   0.93   2.00   2.00   0.24  -0.27  -0.53  -1.47  -1.90   0.93   2.00 
LYS PHE
  2.00   2.00   2.00   2.00   2.00   2.00   2.00   2.00   1.52   0.83  -0.64  -1.06  -1.39  -1.82   1.52   2.00 
LYS TYR
  2.00   2.00   2.00   2.00   2.00   2.00   2.00   2.00   2.00   0.96   0.27  -0.65  -1.34  -2.16   1.52   2.00 
LYS TRP
  2.00   2.00   2.00   2.00   2.00   2.00   2.00   2.00   1.82   0.44  -0.37  -1.36  -1.51  -1.67   2.00   2.00 
GLU GLY
  2.00   2.00   2.00   2.00   1.21  -0.92  -0.07   2.00   0.74   0.25  -0.40  -0.44  -0.92  -1.49   0.18   2.00 
GLU ALA
  2.00   2.00   2.00   2.00   1.76   2.00   1.47   1.76   0.78   0.37  -0.64  -0.90  -1.46  -1.63   0.78   2.00 
GLU SER
  2.00   2.00   2.00   2.00   2.00   0.65   0.94   2.00   2.00   0.78   0.02  -0.64  -1.52  -1.86   0.43   2.00 
GLU CYS
  2.00   2.00   2.00   2.00   2.00   0.89   0.49   2.00   2.00  -0.36   0.20  -0.61  -1.51  -1.82   1.58   2.00 
GLU VAL
  2.00   2.00   2.00   2.00   2.00   2.00   2.00   2.00   2.00   0.67  -0.66  -0.69  -1.70  -1.75   2.00   2.00 
GLU THR
  2.00   2.00   2.00   2.00   2.00   1.55   1.55   2.00   2.00   0.86   0.45  -0.88  -1.56  -1.93   1.21   2.00 
GLU ILE
  2.00   2.00   2.00   2.00   2.00   2.00   1.84   2.00   2.00   1.02  -0.73  -0.95  -1.55  -1.76   2.00   2.00 
GLU PRO
  2.00   2.00   2.00   2.00   2.00   2.00   2.00   1.13  -0.17  -0.17  -0.54  -0.90  -1.85  -0.99   2.00   2.00 
GLU MET
  2.00   2.00   2.00   2.00   2.00   2.00   2.00   0.73   1.14   0.45  -0.36  -0.57  -1.30  -1.97   0.73   2.00 
GLU ASP
  2.00   2.00   2.00   2.00   2.00   0.58   1.68   1.39   1.39  -0.31  -0.27  -0.91  -1.59  -1.41   0.70   2.00 
GLU ASN
  2.00   2.00   2.00   2.00   2.00   0.56   0.71   2.00   1.81   0.43  -0.38  -0.49  -1.61  -1.76   1.81   2.00 
GLU LEU
  2.00   2.00   2.00   2.00   2.00   2.00   1.43   2.00   1.43   0.39  -0.67  -0.86  -1.61  -1.66   2.00   2.00 
GLU LYS
  2.00   2.00   2.00   2.00   2.00   1.73   0.12   2.00   1.73   1.04   0.41  -0.62  -1.67  -1.83   1.73   2.00 
GLU GLU
  2.00   2.00   2.00   2.00   2.00   1.39   0.22   1.90   1.20   0.22  -0.00  -0.69  -1.56  -1.71   0.92   2.00 
GLU GLN
  2.00   2.00   2.00   2.00   2.00   1.66   0.27   1.25   0.56   0.27   0.05  -0.36  -1.64  -1.73   1.25   2.00 
GLU ARG
  2.00   2.00   2.00   2.00   2.00   1.42   1.02   2.00   2.00   2.00  -0.03  -0.08  -1.47  -2.11   0.86   2.00 
GLU HIS
  2.00   2.00   2.00   2.00   2.00   2.00   2.00   2.00   1.40   0.49   0.02  -0.30  -1.52  -2.08   2.00   2.00 
GLU PHE
  2.00   2.00   2.00   2.00   2.00   1.52   1.23   2.00   1.93   0.22  -0.21  -0.42  -1.29  -1.99   0.22   2.00 
GLU TYR
  2.00   2.00   2.00   2.00   2.00   1.58   0.88   2.00   1.29   1.29   0.04  -0.32  -1.11  -2.17   0.37   2.00 
GLU TRP
  2.00   2.00   2.00   2.00   2.00   2.00   1.03   1.03   2.00   1.03  -0.22  -0.76  -1.45  -1.94   1.03   2.00 
GLN GLY
  2.00   2.00   2.00   2.00   2.00  -1.05   0.23   1.84   2.00   0.59  -0.64  -1.02  -0.87  -1.31   0.34   2.00 
GLN ALA
  2.00   2.00   2.00   2.00   2.00   2.00   1.77   2.00   1.77   0.85  -0.37  -0.91  -1.10  -2.02   0.51   2.00 
GLN SER
  2.00   2.00   2.00   2.00   2.00   2.00   2.00   2.00   1.77   0.16  -0.10  -0.37  -1.41  -2.01   0.52   2.00 
GLN CYS
  2.00   2.00   2.00   2.00   2.00   2.00   2.00   2.00   2.00   1.08   0.38  -0.71  -1.63  -2.01   1.08   2.00 
GLN VAL
  2.00   2.00   2.00   2.00   2.00   2.00   2.00   2.00   2.00   0.84  -0.26  -0.65  -1.71  -1.87   1.43   2.00 
GLN THR
  2.00   2.00   2.00   2.00   2.00   2.00   1.31   2.00   1.60   0.91   0.13  -0.73  -1.59  -1.94   1.09   2.00 
GLN ILE
  2.00   2.00   2.00   2.00   2.00   2.00   2.00   2.00   2.00   2.00  -0.35  -0.77  -1.61  -1.96   2.00   2.00 
GLN PRO
  2.00   2.00   2.00   2.00   2.00   2.00   0.86   0.86   0.17  -0.05  -0.84  -1.33  -1.77  -0.23   2.00   2.00 
GLN MET
  2.00   2.00   2.00   2.00   2.00   1.39   2.00   2.00   2.00   2.00  -0.41  -1.01  -1.66  -1.83   2.00   2.00 
GLN ASP
  2.00   2.00   2.00   2.00   2.00   0.28   0.62   1.53   0.84   0.28  -0.26  -0.55  -1.71  -1.46   0.84   2.00 
GLN ASN
  2.00   2.00   2.00   2.00   2.00   0.34   0.75   1.03   2.00   0.05  -0.27  -0.64  -1.72  -1.50   1.44   2.00 
GLN LEU
  2.00   2.00   2.00   2.00   2.00   2.00   1.87   2.00   2.00   0.57  -0.50  -0.72  -1.82  -1.64   1.58   2.00 
GLN LYS
  2.00   2.00   2.00   2.00   2.00   0.94   0.02   1.63   1.23   0.38   0.02  -0.85  -1.36  -1.80   1.63   2.00 
GLN GLU
  2.00   2.00   2.00   2.00   2.00   1.74   1.05   1.05   0.83   1.34   0.13  -1.03  -1.57  -1.72   1.05   2.00 
GLN GLN
  2.00   2.00   2.00   2.00   2.00   2.00   0.13   2.00   2.00   0.53   0.53  -0.57  -1.69  -1.87   1.23   2.00 
GLN ARG
  2.00   2.00   2.00   2.00   2.00   0.93   0.24   2.00   1.62   0.93   0.01  -0.73  -1.05  -2.04   0.71   2.00 
GLN HIS
  2.00   2.00   2.00   2.00   2.00   0.57  -0.12   2.00   1.67   0.57   0.98  -0.73  -1.33  -1.94   0.98   2.00 
GLN PHE
  2.00   2.00   2.00   2.00   2.00   1.81   1.81   2.00   1.81   1.41  -0.13  -0.59  -0.99  -2.20   0.56   2.00 
GLN TYR
  2.00   2.00   2.00   2.00   2.00   2.00   2.00   2.00   2.00   1.54   0.45  -0.47  -1.35  -2.19   1.14   2.00 
GLN TRP
  2.00   2.00   2.00   2.00   2.00   1.67   1.67   2.00   2.00   1.67   0.28  -0.63  -1.33  -2.16   0.98   2.00 
ARG GLY
  2.00   2.00   2.00   2.00   2.00  -0.26   1.01   2.00   0.76   0.39  -1.05  -0.57  -1.17  -1.47   0.25   2.00 
ARG ALA
  2.00   2.00   2.00   2.00   2.00   2.00   1.35   2.00   1.86   0.40  -0.08  -1.01  -1.61  -1.72   1.01   2.00 
ARG SER
  2.00   2.00   2.00   2.00   2.00   2.00   1.44   2.00   2.00   1.22  -0.12  -0.51  -1.48  -2.01   0.63   2.00 
ARG CYS
  2.00   2.00   2.00   2.00   2.00   2.00   2.00   2.00   1.65   0.95  -0.75  -0.30  -1.75  -1.65   0.04   2.00 
ARG VAL
  2.00   2.00   2.00   2.00   2.00   2.00   1.78   2.00   1.63   1.18  -0.04  -0.82  -1.63  -1.91   1.96   2.00 
ARG THR
  2.00   2.00   2.00   2.00   2.00   2.00   2.00   2.00   1.85   1.34   0.31  -0.86  -1.54  -2.01   2.00   2.00 
ARG ILE
  2.00   2.00   2.00   2.00   2.00   2.00   2.00   2.00   1.89   1.89  -0.25  -0.93  -1.54  -1.92   1.33   2.00 
ARG PRO
  2.00   2.00   2.00   2.00   2.00   1.29   2.00   0.88   0.37   0.19   0.04  -1.24  -2.03  -0.58   2.00   2.00 
ARG MET
  2.00   2.00   2.00   2.00   2.00   2.00   1.82   2.00   1.82   0.21   0.03  -0.74  -1.31  -2.05   1.13   2.00 
ARG ASP
  2.00   2.00   2.00   2.00   2.00   0.60   1.30   2.00   1.58   0.28   0.38  -0.68  -1.84  -1.61   1.58   2.00 
ARG ASN
  2.00   2.00   2.00   2.00   2.00   0.32   0.61   2.00   2.00  -0.30   0.01  -0.43  -1.84  -1.43   2.00   2.00 
ARG LEU
  2.00   2.00   2.00   2.00   2.00   2.00   2.00   2.00   1.78   1.44  -0.01  -1.10  -1.72  -1.73   1.78   2.00 
ARG LYS
  2.00   2.00   2.00   2.00   2.00   1.04   0.46   2.00   2.00   2.00  -0.44  -0.75  -1.81  -1.57   1.55   2.00 
ARG GLU
  2.00   2.00   2.00   2.00   2.00   1.44   0.88   2.00   1.22   0.43   0.26  -0.67  -1.52  -1.89   0.88   2.00 
ARG GLN
  2.00   2.00   2.00   2.00   2.00   2.00   0.82   2.00   2.00   0.41  -0.50  -0.69  -1.53  -1.80   0.82   2.00 
ARG ARG
  2.00   2.00   2.00   2.00   2.00   1.56   1.27   2.00   1.56   1.27   0.35  -0.39  -1.74  -1.90   0.86   2.00 
ARG HIS
  2.00   2.00   2.00   2.00   2.00   2.00   2.00   2.00   2.00   2.00   0.26  -1.04  -1.48  -2.00   0.66   2.00 
ARG PHE
  2.00   2.00   2.00   2.00   2.00   2.00   1.43   2.00   2.00   0.52  -0.13  -0.82  -1.24  -2.06   1.03   2.00 
ARG TYR
  2.00   2.00   2.00   2.00   2.00   2.00   2.00   2.00   2.00   0.64   0.01  -0.68  -1.45  -2.03   0.77   2.00 
ARG TRP
  2.00   2.00   2.00   2.00   2.00   2.00   1.67   1.67   2.00   1.67   0.57  -0.89  -1.51  -1.97   0.28   2.00 
HIS GLY
  2.00   2.00   2.00   2.00   1.17  -0.56   0.19   2.00   2.00   1.58  -0.56  -0.44  -1.49  -1.47   0.48   2.00 
HIS ALA
  2.00   2.00   2.00   2.00   2.00   2.00   0.81   2.00   0.81  -0.11   0.12  -1.13  -1.41  -1.63   0.41   2.00 
HIS SER
  2.00   2.00   2.00   2.00   2.00   2.00   2.00   2.00   1.47   1.06   0.37  -1.13  -1.21  -2.00   0.55   2.00 
HIS CYS
  2.00   2.00   2.00   2.00   2.00   2.00   2.00   2.00   2.00   2.00   0.09  -1.52  -1.99  -1.16   2.00   2.00 
HIS VAL
  2.00   2.00   2.00   2.00   2.00   2.00   2.00   2.00   2.00   0.65  -0.58  -0.67  -1.44  -1.97   2.00   2.00 
HIS THR
  2.00   2.00   2.00   2.00   2.00   2.00   1.17   2.00   1.17   1.57   0.18  -1.14  -1.45  -1.88   1.17   2.00 
HIS ILE
  2.00   2.00   2.00   2.00   2.00   2.00   2.00   2.00   2.00   1.43  -0.25  -0.52  -1.60  -2.05   2.00   2.00 
HIS PRO
  2.00   2.00   2.00   2.00   2.00   0.10   1.20   0.50   1.20  -0.41  -0.41  -0.59  -1.94  -0.75   2.00   2.00 
HIS MET
  2.00   2.00   2.00   2.00   1.23   1.23   2.00   2.00   2.00   1.23  -0.37  -0.96  -1.16  -1.98   0.54   2.00 
HIS ASP
  2.00   2.00   2.00   2.00   2.00   1.37   0.97   2.00   1.37   0.68  -0.24  -0.64  -1.85  -1.49   0.45   2.00 
HIS ASN
  2.00   2.00   2.00   2.00   2.00   0.33   1.02   1.72   0.62   0.62  -0.36  -0.68  -1.50  -1.69   1.02   2.00 
HIS LEU
  2.00   2.00   2.00   2.00   1.61   2.00   2.00   2.00   1.61   1.32  -0.34  -0.85  -1.35  -1.96   0.92   2.00 
HIS LYS
  2.00   2.00   2.00   2.00   1.82   1.82   0.21   1.13   2.00   0.03  -0.74  -0.48  -1.31  -1.70   0.44   2.00 
HIS GLU
  2.00   2.00   2.00   2.00   2.00   0.23   0.92   0.92   2.00   0.41   0.23  -0.46  -1.41  -1.81  -0.06   2.00 
HIS GLN
  2.00   2.00   2.00   2.00   0.92   0.92   2.00   1.61   2.00  -0.18  -0.00   0.51  -0.96  -2.24   1.61   2.00 
HIS ARG
  2.00   2.00   2.00   2.00   2.00   0.67   0.38   2.00   1.77   2.00  -0.02  -1.06  -1.53  -1.73   0.67   2.00 
HIS HIS
  2.00   2.00   2.00   2.00   2.00   2.00   1.62   2.00   0.93   2.00   0.24  -0.86  -1.78  -1.75   0.52   2.00 
HIS PHE
  2.00   2.00   2.00   2.00   2.00   2.00   2.00   2.00   2.00   2.00   0.36  -0.49  -1.46  -2.09   0.36   2.00 
HIS TYR
  2.00   2.00   2.00   2.00   2.00   2.00   1.45   2.00   2.00   1.45   0.54  -0.34  -1.59  -2.12   1.45   2.00 
HIS TRP
  2.00   2.00   2.00   2.00   2.00   2.00   0.49   2.00   2.00   1.18   0.08  -0.61  -1.46  -1.96   0.08   2.00 
PHE GLY
  2.00   2.00   2.00   2.00   2.00  -0.10   1.40   2.00   1.11   0.48   0.15  -0.83  -1.41  -1.75   0.55   2.00 
PHE ALA
  2.00   2.00   2.00   2.00   2.00   1.79   2.00   2.00   1.79   0.69   0.61  -0.74  -1.53  -1.98   0.54   2.00 
PHE SER
  2.00   2.00   2.00   2.00   2.00   2.00   2.00   2.00   1.26   0.23  -0.02  -0.89  -1.29  -1.92   0.23   2.00 
PHE CYS
  2.00   2.00   2.00   2.00   2.00   2.00   2.00   2.00   2.00   0.78   0.22   0.22  -1.87  -1.94   0.78   2.00 
PHE VAL
  2.00   2.00   2.00   2.00   2.00   2.00   2.00   2.00   2.00   2.00   1.90   0.20  -1.68  -2.19   0.65   2.00 
PHE THR
  2.00   2.00   2.00   2.00   2.00   1.95   2.00   1.95   1.44   1.66   0.48  -0.45  -1.46  -2.08   0.27   2.00 
PHE ILE
  2.00   2.00   2.00   2.00   2.00   2.00   2.00   2.00   2.00   2.00   1.32  -0.18  -1.74  -2.13   1.10   2.00 
PHE PRO
  2.00   2.00   2.00   2.00   2.00   2.00   2.00   0.52   0.85  -0.02   0.27  -0.83  -2.05  -1.12   2.00   2.00 
PHE MET
  2.00   2.00   2.00   2.00   2.00   2.00   2.00   2.00   2.00   0.99   0.99  -0.80  -1.50  -2.02   0.30   2.00 
PHE ASP
  2.00   2.00   2.00   2.00   2.00   1.66   2.00   2.00   0.97   0.46  -0.90  -0.90  -1.75  -1.26   0.97   2.00 
PHE ASN
  2.00   2.00   2.00   2.00   2.00   0.26   1.56   2.00   1.56  -0.81  -0.43  -0.87  -1.56  -1.26   1.05   2.00 
PHE LEU
  2.00   2.00   2.00   2.00   2.00   2.00   2.00   2.00   2.00   1.64   1.28  -0.18  -1.60  -2.15   0.64   2.00 
PHE LYS
  2.00   2.00   2.00   2.00   2.00   2.00   2.00   2.00   1.64  -0.04   0.25  -1.07  -1.65  -1.65   0.79   2.00 
PHE GLU
  2.00   2.00   2.00   2.00   2.00   1.57   2.00   2.00   1.06   0.47  -0.22  -0.89  -1.63  -1.75   1.98   2.00 
PHE GLN
  2.00   2.00   2.00   2.00   1.48   2.00   2.00   2.00   1.48   2.00   0.57  -1.08  -1.54  -1.83   0.10   2.00 
PHE ARG
  2.00   2.00   2.00   2.00   2.00   2.00   2.00   0.95   1.87   0.16   0.16  -0.66  -1.70  -1.78   0.95   2.00 
PHE HIS
  2.00   2.00   2.00   2.00   2.00   2.00   1.25   2.00   1.95   0.85   0.15  -0.36  -1.72  -1.95   1.25   2.00 
PHE PHE
  2.00   2.00   2.00   2.00   2.00   2.00   1.64   2.00   2.00   1.93   0.63   0.25  -1.52  -2.18   0.14   2.00 
PHE TYR
  2.00   2.00   2.00   2.00   2.00   2.00   2.00   2.00   2.00   1.12   0.16  -0.11  -1.34  -2.20   0.24   2.00 
PHE TRP
  2.00   2.00   2.00   2.00   2.00   2.00   2.00   2.00   1.80   1.80   0.70   0.01  -1.66  -2.15   1.11   2.00 
TYR GLY
  2.00   2.00   2.00   2.00   1.54  -0.84   1.20   2.00   1.76   0.51  -0.19  -0.29  -1.12  -1.73  -0.07   2.00 
TYR ALA
  2.00   2.00   2.00   2.00   2.00   2.00   2.00   2.00   1.71   0.45   0.10  -0.57  -1.52  -1.92   0.05   2.00 
TYR SER
  2.00   2.00   2.00   2.00   2.00   2.00   2.00   2.00   1.78   1.49   0.04  -0.73  -1.57  -1.89   0.04   2.00 
TYR CYS
  2.00   2.00   2.00   2.00   2.00   2.00   2.00   2.00   2.00   2.00   1.65  -0.14  -1.59  -2.17   0.27   2.00 
TYR VAL
  2.00   2.00   2.00   2.00   2.00   2.00   2.00   2.00   1.89   1.42   1.20   0.07  -1.60  -2.20   1.20   2.00 
TYR THR
  2.00   2.00   2.00   2.00   2.00   1.82   2.00   2.00   2.00   0.43   0.52  -0.52  -1.32  -2.12   0.35   2.00 
TYR ILE
  2.00   2.00   2.00   2.00   2.00   2.00   2.00   2.00   2.00   2.00   1.10  -0.17  -1.68  -2.15   1.10   2.00 
TYR PRO
  2.00   2.00   2.00   2.00   2.00   1.54   1.54   2.00   0.85   0.44   2.00  -1.41  -2.07  -0.86   2.00   2.00 
TYR MET
  2.00   2.00   2.00   2.00   2.00   2.00   2.00   2.00   1.14   1.14   0.73  -0.65  -1.46  -2.10   0.73   2.00 
TYR ASP
  2.00   2.00   2.00   2.00   2.00   0.92   1.48   1.48   1.76  -0.18   0.38  -0.40  -1.79  -1.63   0.66   2.00 
TYR ASN
  2.00   2.00   2.00   2.00   2.00   0.99   2.00   2.00   0.81  -0.62  -0.53  -0.69  -1.46  -1.56   0.81   2.00 
TYR LEU
  2.00   2.00   2.00   2.00   2.00   2.00   2.00   2.00   2.00   1.59   0.74  -0.02  -1.67  -2.15   1.08   2.00 
TYR LYS
  2.00   2.00   2.00   2.00   2.00   2.00   1.54   2.00   1.95   0.69  -0.19  -0.54  -1.78  -1.79   1.25   2.00 
TYR GLU
  2.00   2.00   2.00   2.00   2.00   1.95   1.95   2.00   1.26   0.45  -0.12  -0.65  -1.46  -1.94   0.70   2.00 
TYR GLN
  2.00   2.00   2.00   2.00   2.00   2.00   1.60   2.00   2.00   0.22  -0.10  -0.59  -1.31  -1.98   0.10   2.00 
TYR ARG
  2.00   2.00   2.00   2.00   2.00   2.00   2.00   2.00   2.00   0.44   0.72  -0.78  -1.47  -2.00   0.21   2.00 
TYR HIS
  2.00   2.00   2.00   2.00   2.00   1.82   1.82   2.00   2.00   0.72   0.44   0.72  -1.84  -2.03   1.82   2.00 
TYR PHE
  2.00   2.00   2.00   2.00   2.00   2.00   2.00   2.00   2.00   1.41   1.63  -0.12  -1.37  -2.31   1.07   2.00 
TYR TYR
  2.00   2.00   2.00   2.00   2.00   2.00   2.00   2.00   2.00   0.69   0.69  -0.29  -1.34  -2.20   0.41   2.00 
TYR TRP
  2.00   2.00   2.00   2.00   2.00   2.00   0.94   2.00   1.63   2.00   0.94  -0.31  -1.31  -2.24   0.54   2.00 
TRP GLY
  2.00   2.00   2.00   2.00   2.00  -0.42   1.66   2.00   1.26   0.16  -0.42  -0.59  -1.20  -1.80   0.75   2.00 
TRP ALA
  2.00   2.00   2.00   2.00   2.00   2.00   2.00   2.00   2.00   0.69   0.28  -0.57  -1.76  -1.78  -0.01   2.00 
TRP SER
  2.00   2.00   2.00   2.00   2.00   1.99   2.00   1.99   1.99   1.30  -0.31  -0.84  -1.67  -1.77   0.89   2.00 
TRP CYS
  2.00   2.00   2.00   2.00   2.00   2.00   2.00   2.00   2.00   2.00   2.00   0.32  -1.70  -2.25   1.01   2.00 
TRP VAL
  2.00   2.00   2.00   2.00   2.00   2.00   2.00   2.00   2.00   2.00   1.65  -0.43  -1.75  -2.10   1.25   2.00 
TRP THR
  2.00   2.00   2.00   2.00   2.00   1.06   2.00   2.00   2.00   1.06   1.06  -0.89  -1.65  -1.96   1.75   2.00 
TRP ILE
  2.00   2.00   2.00   2.00   2.00   2.00   2.00   2.00   2.00   1.99   0.38   0.04  -1.88  -2.00   1.30   2.00 
TRP PRO
  2.00   2.00   2.00   2.00   2.00   2.00   2.00   1.00   2.00   1.00   0.08  -1.48  -2.04  -0.79   2.00   2.00 
TRP MET
  2.00   2.00   2.00   2.00   2.00   2.00   2.00   2.00   2.00   0.84  -0.26  -0.77  -1.80  -1.80   2.00   2.00 
TRP ASP
  2.00   2.00   2.00   2.00   2.00   1.95   2.00   2.00   0.85  -0.00   0.34  -1.10  -1.77  -1.52   1.25   2.00 
TRP ASN
  2.00   2.00   2.00   2.00   1.52   2.00   2.00   2.00   1.52  -0.43  -0.27  -0.56  -1.70  -1.48  -0.09   2.00 
TRP LEU
  2.00   2.00   2.00   2.00   2.00   2.00   2.00   2.00   2.00   1.20   0.51  -0.34  -1.90  -1.89   1.20   2.00 
TRP LYS
  2.00   2.00   2.00   2.00   2.00   1.20   2.00   1.89   1.20   2.00   0.79  -0.75  -1.80  -1.82   0.79   2.00 
TRP GLU
  2.00   2.00   2.00   2.00   2.00   2.00   1.86   2.00   2.00   1.17   0.07  -0.62  -1.78  -1.80   0.48   1.86 
TRP GLN
  2.00   2.00   2.00   2.00   1.23   2.00   2.00   2.00   0.54   0.54   1.23  -0.37  -1.76  -1.76  -0.15   2.00 
TRP ARG
  2.00   2.00   2.00   2.00   2.00   2.00   2.00   2.00   1.80   1.11   0.01  -0.84  -1.57  -1.94   0.70   2.00 
TRP HIS
  2.00   2.00   2.00   2.00   2.00   0.56   2.00   2.00   2.00   0.56  -0.13  -1.05  -1.31  -1.88   0.56   2.00 
TRP PHE
  2.00   2.00   2.00   2.00   2.00   2.00   2.00   2.00   2.00   0.73   0.22   1.14  -1.21  -2.28  -0.25   2.00 
TRP TYR
  2.00   2.00   2.00   2.00   2.00   2.00   1.72   2.00   2.00   2.00   1.02  -0.08  -1.37  -2.27   0.33   2.00 
TRP TRP
  2.00   2.00   2.00   2.00   2.00   2.00   2.00   2.00   2.00   0.97   0.97  -0.13  -1.87  -1.81  -0.42   2.00 
