GLY GLY
  2.00   2.00   2.00   2.00  -0.31  -1.12  -1.82  -0.19  -0.55   0.04   0.41   0.59   1.51   2.00   2.00   2.00 
GLY ALA
  2.00   2.00   2.00   2.00   0.83  -1.13  -2.24   0.22  -0.03   0.47   1.04   1.57   2.00   2.00   2.00   2.00 
GLY SER
  2.00   2.00   2.00   2.00   0.27  -1.11  -1.90  -0.21  -0.73   0.10   0.61   1.12   1.12   2.00   2.00   2.00 
GLY CYS
  2.00   2.00   2.00   2.00  -0.14  -1.06  -1.90  -0.67   0.78  -0.04   0.22   0.37   1.06   2.00   2.00   2.00 
GLY VAL
  2.00   2.00   2.00   2.00   0.60  -1.11  -2.11   0.16  -0.32   0.51   0.69   0.69   1.39   2.00   2.00   2.00 
GLY THR
  2.00   2.00   2.00   2.00   0.74  -1.12  -1.82  -0.11  -0.65  -0.30   0.18   0.58   1.14   1.84   2.00   2.00 
GLY ILE
  2.00   2.00   2.00   2.00   1.10  -1.14  -2.17   0.22  -0.22   0.15   1.50   0.94   2.00   2.00   2.00   2.00 
GLY PRO
  2.00   2.00   2.00   2.00   1.09  -0.52  -1.34  -0.37  -1.11  -0.99  -0.37  -0.11   0.80   2.00   2.00   2.00 
GLY MET
  2.00   2.00   2.00   2.00   0.46  -1.11  -2.16  -0.18  -0.28   0.97   1.67   0.97   2.00   2.00   2.00   2.00 
GLY ASP
  2.00   2.00   2.00   2.00   0.26  -1.16  -1.91  -0.32  -0.40  -0.38   0.72   1.60   1.60   2.00   2.00   2.00 
GLY ASN
  2.00   2.00   2.00   2.00   0.09  -1.23  -1.88  -0.02  -0.54  -0.23   1.07   0.79   1.77   1.77   2.00   2.00 
GLY LEU
  2.00   2.00   2.00   2.00   0.86  -1.22  -2.11  -0.05  -0.29   0.40   0.67   1.59   2.00   2.00   2.00   2.00 
GLY LYS
  2.00   2.00   2.00   2.00   0.68  -1.10  -2.15   0.15   0.05   0.19   0.62   0.56   1.84   2.00   2.00   2.00 
GLY GLU
  2.00   2.00   2.00   2.00   0.47  -1.10  -2.05   0.01  -0.43  -0.01   0.76   0.94   1.86   2.00   2.00   2.00 
GLY GLN
  2.00   2.00   2.00   2.00   0.67  -0.99  -2.17  -0.19  -0.06   0.13   0.51   1.68   2.00   2.00   2.00   2.00 
GLY ARG
  2.00   2.00   2.00   2.00   0.49  -1.00  -2.09   0.43  -0.50  -0.07   1.47   0.43   1.31   2.00   2.00   2.00 
GLY HIS
  2.00   2.00   2.00   2.00   0.01  -1.33  -1.82  -0.40  -0.33  -0.09   1.62   1.21   0.92   2.00   2.00   2.00 
GLY PHE
  2.00   2.00   2.00   2.00   0.39  -1.20  -2.00  -0.10  -0.60   0.67   1.08   0.52   2.00   2.00   2.00   2.00 
GLY TYR
  2.00   2.00   2.00   2.00   0.57  -1.33  -1.94  -0.56  -0.17   0.35   1.26   0.86   1.26   2.00   2.00   2.00 
GLY TRP
  2.00   2.00   2.00   2.00   0.79  -1.16  -2.01   0.23   0.38  -0.46   0.79   0.38   0.57   2.00   2.00   2.00 
ALA GLY
  2.00   2.00   2.00   2.00   0.14  -1.07  -2.07  -0.70  -0.33   0.68   1.75   2.00   2.00   2.00   2.00   2.00 
ALA ALA
  2.00   2.00   2.00   2.00   2.00  -0.96  -2.42   0.03   0.30   1.77   2.00   2.00   2.00   2.00   2.00   2.00 
ALA SER
  2.00   2.00   2.00   2.00   1.78  -0.87  -2.31  -0.40  -0.27   1.25   2.00   2.00   2.00   2.00   2.00   2.00 
ALA CYS
  2.00   2.00   2.00   2.00   1.27  -1.30  -2.23   0.04  -0.26   1.27   2.00   2.00   2.00   2.00   2.00   2.00 
ALA VAL
  2.00   2.00   2.00   2.00   1.74  -1.10  -2.39   0.46   0.37   1.12   1.98   2.00   2.00   2.00   2.00   2.00 
ALA THR
  2.00   2.00   2.00   2.00   0.84  -1.36  -2.21  -0.21   0.39   1.58   2.00   1.78   2.00   2.00   2.00   2.00 
ALA ILE
  2.00   2.00   2.00   2.00   2.00  -1.18  -2.36   0.43   0.31   1.02   2.00   2.00   2.00   2.00   2.00   2.00 
ALA PRO
  2.00   2.00   2.00   2.00   2.00  -0.11  -1.03  -0.92  -1.27  -1.33   0.46   0.02   0.87   1.56   2.00   2.00 
ALA MET
  2.00   2.00   2.00   2.00   2.00  -1.05  -2.39  -0.03   0.10   2.00   2.00   2.00   2.00   2.00   2.00   2.00 
ALA ASP
  2.00   2.00   2.00   2.00   1.31  -0.89  -2.26  -0.60  -0.01   0.75   1.78   2.00   2.00   2.00   2.00   2.00 
ALA ASN
  2.00   2.00   2.00   2.00   0.67  -1.11  -2.29  -0.20   0.23   1.12   2.00   2.00   2.00   2.00   2.00   2.00 
ALA LEU
  2.00   2.00   2.00   2.00   2.00  -1.22  -2.33  -0.05   0.33   1.24   2.00   2.00   2.00   2.00   2.00   2.00 
ALA LYS
  2.00   2.00   2.00   2.00   2.00  -0.89  -2.38  -0.28   0.28   1.21   2.00   2.00   2.00   2.00   2.00   2.00 
ALA GLU
  2.00   2.00   2.00   2.00   2.00  -1.04  -2.40  -0.05   0.54   1.22   2.00   2.00   2.00   2.00   2.00   2.00 
ALA GLN
  2.00   2.00   2.00   2.00   1.78  -0.97  -2.40  -0.25   0.60   1.78   2.00   2.00   2.00   2.00   2.00   2.00 
ALA ARG
  2.00   2.00   2.00   2.00   1.96  -1.06  -2.38  -0.02   0.33   1.50   2.00   2.00   2.00   2.00   2.00   2.00 
ALA HIS
  2.00   2.00   2.00   2.00   0.74  -1.04  -2.33  -0.10   0.17   1.11   2.00   2.00   2.00   2.00   2.00   2.00 
ALA PHE
  2.00   2.00   2.00   2.00   0.73  -1.15  -2.30  -0.07   0.28   1.09   2.00   2.00   2.00   2.00   2.00   2.00 
ALA TYR
  2.00   2.00   2.00   2.00   0.52  -1.17  -2.24  -0.35   0.18   1.42   2.00   2.00   2.00   2.00   2.00   2.00 
ALA TRP
  2.00   2.00   2.00   2.00   1.27  -1.21  -2.30  -0.34   0.24   1.78   2.00   2.00   2.00   2.00   2.00   2.00 
SER GLY
  2.00   2.00   2.00   2.00  -0.25  -1.17  -1.83  -0.86  -0.66   0.47   2.00   2.00   2.00   2.00   2.00   2.00 
SER ALA
  2.00   2.00   2.00   2.00   2.00  -1.00  -2.28  -0.37  -0.18   0.84   1.85   2.00   2.00   2.00   2.00   2.00 
SER SER
  2.00   2.00   2.00   2.00   1.05  -0.93  -2.04  -0.81  -0.77   0.36   2.00   2.00   2.00   2.00   2.00   2.00 
SER CYS
  2.00   2.00   2.00   2.00   1.57  -0.91  -2.17  -0.83  -0.68   1.57   2.00   2.00   2.00   2.00   2.00   2.00 
SER VAL
  2.00   2.00   2.00   2.00   1.42  -1.17  -2.17  -0.32  -0.43   0.78   1.42   2.00   2.00   2.00   2.00   2.00 
SER THR
  2.00   2.00   2.00   2.00   0.62  -1.13  -2.08  -0.46  -0.41   0.49   1.25   2.00   1.72   2.00   2.00   2.00 
SER ILE
  2.00   2.00   2.00   2.00   1.72  -1.12  -2.23  -0.14  -0.40   0.70   2.00   2.00   2.00   2.00   2.00   2.00 
SER PRO
  2.00   2.00   2.00   2.00   2.00  -0.38  -1.43  -0.62  -1.39  -1.23   1.23   1.23   1.23   2.00   2.00   2.00 
SER MET
  2.00   2.00   2.00   2.00   1.49  -0.84  -2.30  -0.22  -0.49   1.26   2.00   1.77   2.00   2.00   2.00   2.00 
SER ASP
  2.00   2.00   2.00   2.00   1.69  -0.90  -2.14  -0.82  -0.37   0.39   1.29   2.00   2.00   2.00   2.00   2.00 
SER ASN
  2.00   2.00   2.00   2.00   0.81  -1.08  -2.06  -0.82  -0.41   0.72   1.50   1.73   2.00   2.00   2.00   2.00 
SER LEU
  2.00   2.00   2.00   2.00   1.73  -1.18  -2.23  -0.30  -0.30   0.89   2.00   2.00   2.00   2.00   2.00   2.00 
SER LYS
  2.00   2.00   2.00   2.00   1.56  -0.87  -2.15  -0.69  -0.62   0.46   2.00   2.00   2.00   2.00   2.00   2.00 
SER GLU
  2.00   2.00   2.00   2.00   1.87  -1.19  -2.18  -0.64  -0.18   0.97   2.00   2.00   2.00   2.00   2.00   2.00 
SER GLN
  2.00   2.00   2.00   2.00   2.00  -1.00  -2.29  -0.53  -0.11   0.92   2.00   2.00   2.00   2.00   2.00   2.00 
SER ARG
  2.00   2.00   2.00   2.00   1.34  -0.97  -2.24  -0.57  -0.20   0.93   1.81   1.81   2.00   2.00   2.00   2.00 
SER HIS
  2.00   2.00   2.00   2.00   0.26  -1.15  -2.01  -0.79  -0.35   0.66   1.64   2.00   2.00   2.00   2.00   2.00 
SER PHE
  2.00   2.00   2.00   2.00   0.27  -1.04  -2.09  -0.66  -0.51   0.63   2.00   2.00   2.00   2.00   2.00   2.00 
SER TYR
  2.00   2.00   2.00   2.00   0.45  -0.95  -2.12  -0.74  -0.48   0.72   2.00   2.00   2.00   2.00   2.00   2.00 
SER TRP
  2.00   2.00   2.00   2.00   0.83  -1.05  -2.14  -0.33  -0.60   0.14   2.00   2.00   2.00   2.00   2.00   2.00 
CYS GLY
  2.00   2.00   2.00   2.00   0.15  -0.86  -1.85  -0.99  -0.90   0.44   1.13   2.00   1.54   2.00   2.00   2.00 
CYS ALA
  2.00   2.00   2.00   2.00   2.00  -0.90  -2.33  -0.28  -0.09   1.07   2.00   1.25   2.00   2.00   2.00   2.00 
CYS SER
  2.00   2.00   2.00   2.00   2.00  -0.98  -2.09  -0.68  -0.33   0.55   2.00   1.46   0.55   0.77   2.00   2.00 
CYS CYS
  2.00   2.00   2.00   2.00   2.00  -0.78  -1.29  -1.47  -0.37  -0.78  -0.37   2.00   2.00   0.32   2.00   2.00 
CYS VAL
  2.00   2.00   2.00   2.00   0.37  -1.07  -2.11  -0.44  -0.32   0.15   2.00   1.07   2.00   2.00   2.00   2.00 
CYS THR
  2.00   2.00   2.00   2.00   1.04  -1.23  -2.00  -0.42  -0.57   0.53   2.00   1.45   1.45   2.00   2.00   2.00 
CYS ILE
  2.00   2.00   2.00   2.00   1.91  -0.66  -2.30  -0.17  -0.29   0.52   2.00   1.22   0.81   1.91   2.00   2.00 
CYS PRO
  2.00   2.00   2.00   2.00   2.00  -1.34  -0.83  -1.52  -1.34   2.00   0.97  -0.13   2.00   2.00   2.00   2.00 
CYS MET
  2.00   2.00   2.00   2.00   2.00  -0.67  -2.49   1.12  -0.27   2.00   1.12   2.00   2.00   2.00   2.00   2.00 
CYS ASP
  2.00   2.00   2.00   2.00   2.00  -0.98  -2.10  -0.81   0.02  -0.43   2.00   0.86   2.00   2.00   2.00   2.00 
CYS ASN
  2.00   2.00   2.00   2.00   1.00  -1.34  -2.17  -0.21  -0.10   1.00   1.40   2.00   2.00   2.00   2.00   2.00 
CYS LEU
  2.00   2.00   2.00   2.00   1.51  -1.03  -2.24  -0.17  -0.17   0.41   1.22   2.00   1.91   2.00   2.00   2.00 
CYS LYS
  2.00   2.00   2.00   2.00   2.00  -1.16  -2.30  -0.21   0.02   0.89   2.00   2.00   2.00   2.00   2.00   2.00 
CYS GLU
  2.00   2.00   2.00   2.00   2.00  -1.09  -2.23  -0.51  -0.37   1.24   2.00   1.93   2.00   2.00   2.00   2.00 
CYS GLN
  2.00   2.00   2.00   2.00   2.00  -0.55  -2.21  -0.35  -0.55   0.02   1.12   1.52   1.12   2.00   2.00   2.00 
CYS ARG
  2.00   2.00   2.00   2.00   1.56  -1.27  -2.22  -0.14   0.06   0.65   2.00   2.00   1.56   2.00   2.00   2.00 
CYS HIS
  2.00   2.00   2.00   2.00   2.00  -1.23  -2.06   0.24  -0.74   1.34   0.24   1.34   0.65   2.00   2.00   2.00 
CYS PHE
  2.00   2.00   2.00   2.00   0.86  -0.93  -2.08  -0.64  -0.52   0.86   0.86   0.86   1.56   2.00   2.00   2.00 
CYS TYR
  2.00   2.00   2.00   2.00   2.00  -0.92  -2.28  -0.41  -0.56   0.69   2.00   2.00   2.00   2.00   2.00   2.00 
CYS TRP
  2.00   2.00   2.00   2.00   2.00  -0.83  -2.29   0.27   0.27  -0.83   2.00   2.00   2.00   2.00   2.00   2.00 
VAL GLY
  2.00   2.00   2.00   2.00   0.73  -1.00  -2.15  -0.66  -0.26   0.78   1.73   2.00   2.00   2.00   2.00   2.00 
VAL ALA
  2.00   2.00   2.00   2.00   2.00  -0.99  -2.42   0.02   0.66   1.85   2.00   1.78   2.00   2.00   2.00   2.00 
VAL SER
  2.00   2.00   2.00   2.00   2.00  -1.12  -2.29  -0.42   0.29   1.14   1.77   2.00   2.00   2.00   2.00   2.00 
VAL CYS
  2.00   2.00   2.00   1.98   0.37  -1.06  -2.21  -0.42   0.19   1.29   1.98   1.98   1.29   2.00   2.00   2.00 
VAL VAL
  2.00   2.00   2.00   2.00   1.58  -1.21  -2.35   0.28   0.48   1.99   2.00   2.00   2.00   2.00   2.00   2.00 
VAL THR
  2.00   2.00   2.00   2.00   2.00  -1.31  -2.29   0.32   0.57   1.06   1.67   1.51   2.00   2.00   2.00   2.00 
VAL ILE
  2.00   2.00   2.00   2.00   2.00  -1.31  -2.33   0.38   0.81   1.83   2.00   2.00   1.27   2.00   2.00   2.00 
VAL PRO
  2.00   2.00   2.00   2.00   2.00   0.04  -1.47  -1.39  -1.02  -0.39   1.34  -0.27   0.36   1.75   2.00   2.00 
VAL MET
  2.00   2.00   2.00   2.00   2.00  -0.88  -2.42  -0.06   0.64   1.22   1.73   1.73   2.00   2.00   2.00   2.00 
VAL ASP
  2.00   2.00   2.00   2.00   1.33  -1.05  -2.32  -0.34   0.42   0.99   2.00   2.00   2.00   2.00   2.00   2.00 
VAL ASN
  2.00   2.00   2.00   2.00   1.08  -1.16  -2.31  -0.14   0.31   1.08   1.96   2.00   2.00   2.00   2.00   2.00 
VAL LEU
  2.00   2.00   2.00   2.00   2.00  -1.21  -2.38   0.12   0.89   1.87   2.00   1.99   2.00   2.00   2.00   2.00 
VAL LYS
  2.00   2.00   2.00   2.00   1.71  -1.09  -2.39   0.01   0.77   1.47   2.00   1.80   2.00   2.00   2.00   2.00 
VAL GLU
  2.00   2.00   2.00   2.00   1.64  -1.10  -2.37  -0.11   0.82   1.46   2.00   1.78   2.00   2.00   2.00   2.00 
VAL GLN
  2.00   2.00   2.00   2.00   2.00  -0.97  -2.38  -0.41   0.40   1.79   2.00   2.00   2.00   2.00   2.00   2.00 
VAL ARG
  2.00   2.00   2.00   2.00   1.61  -0.91  -2.44  -0.11   0.97   1.84   2.00   2.00   2.00   2.00   2.00   2.00 
VAL HIS
  2.00   2.00   2.00   2.00   1.19  -0.89  -2.36  -0.09   0.49   0.60   2.00   1.70   1.70   2.00   2.00   2.00 
VAL PHE
  2.00   2.00   2.00   2.00   1.22  -1.17  -2.32  -0.13   0.52   1.91   2.00   1.91   2.00   1.91   2.00   2.00 
VAL TYR
  2.00   2.00   2.00   2.00   0.92  -1.27  -2.32   0.36   0.60   1.39   1.90   2.00   1.90   2.00   2.00   2.00 
VAL TRP
  2.00   2.00   2.00   2.00   0.93  -1.23  -2.28  -0.16   0.93   0.71   2.00   2.00   2.00   2.00   2.00   2.00 
THR GLY
  2.00   2.00   2.00   2.00   0.75  -1.12  -1.99  -0.80  -0.37   0.37   1.23   1.37   1.93   2.00   2.00   2.00 
THR ALA
  2.00   2.00   2.00   2.00   2.00  -1.28  -2.34   0.18   0.40   1.77   2.00   2.00   2.00   2.00   2.00   2.00 
THR SER
  2.00   2.00   2.00   2.00   1.66  -1.15  -2.19  -0.37  -0.10   0.50   0.97   2.00   2.00   2.00   2.00   2.00 
THR CYS
  2.00   2.00   2.00   2.00   0.72  -1.26  -2.13   0.31  -0.30   0.72   1.41   1.41   1.41   2.00   2.00   2.00 
THR VAL
  2.00   2.00   2.00   2.00   0.78  -1.08  -2.30  -0.03  -0.03   1.48   1.61   2.00   2.00   2.00   2.00   2.00 
THR THR
  2.00   2.00   2.00   2.00   0.92  -1.39  -2.17  -0.22   0.65   1.83   1.14   1.61   1.61   2.00   2.00   2.00 
THR ILE
  2.00   2.00   2.00   2.00   1.52  -1.29  -2.30   0.33   0.13   1.27   1.67   2.00   2.00   2.00   2.00   2.00 
THR PRO
  2.00   2.00   2.00   2.00   1.56  -0.74  -1.27  -1.04  -0.96  -1.18   0.06   0.87   2.00   2.00   2.00   2.00 
THR MET
  2.00   2.00   2.00   2.00   2.00  -0.85  -2.43  -0.23   0.68   2.00   2.00   2.00   2.00   2.00   2.00   2.00 
THR ASP
  2.00   2.00   2.00   2.00   1.47  -1.20  -2.20  -0.54   0.52   0.52   1.80   1.33   2.00   2.00   2.00   2.00 
THR ASN
  2.00   2.00   2.00   2.00   0.94  -1.11  -2.27  -0.16  -0.02   1.07   1.63   2.00   2.00   2.00   2.00   2.00 
THR LEU
  2.00   2.00   2.00   2.00   1.79  -1.37  -2.25   0.09   0.16   0.79   2.00   2.00   2.00   2.00   2.00   2.00 
THR LYS
  2.00   2.00   2.00   2.00   1.42  -1.02  -2.27  -0.48   0.06   0.78   1.83   2.00   2.00   2.00   2.00   2.00 
THR GLU
  2.00   2.00   2.00   2.00   2.00  -1.40  -2.26  -0.28   0.81   1.58   2.00   2.00   2.00   2.00   2.00   2.00 
THR GLN
  2.00   2.00   2.00   2.00   2.00  -1.20  -2.34  -0.11   0.45   1.78   2.00   2.00   2.00   2.00   2.00   2.00 
THR ARG
  2.00   2.00   2.00   2.00   2.00  -1.14  -2.32  -0.12   0.14   1.17   2.00   2.00   2.00   2.00   2.00   2.00 
THR HIS
  2.00   2.00   2.00   2.00   0.17  -1.15  -2.18   0.35  -0.12   0.35   1.55   2.00   1.55   1.96   2.00   2.00 
THR PHE
  2.00   2.00   2.00   2.00   0.41  -1.27  -2.20  -0.15   0.05   1.39   2.00   2.00   2.00   2.00   2.00   2.00 
THR TYR
  2.00   2.00   2.00   2.00   0.45  -1.38  -2.08  -0.46   0.10   0.99   2.00   2.00   1.55   2.00   2.00   2.00 
THR TRP
  2.00   2.00   2.00   2.00   2.00  -1.01  -2.12  -0.58  -0.51   0.52   0.74   1.43   2.00   2.00   2.00   2.00 
ILE GLY
  2.00   2.00   2.00   2.00   1.68  -0.98  -2.17  -0.88  -0.04   0.63   2.00   1.68   2.00   2.00   2.00   2.00 
ILE ALA
  2.00   2.00   2.00   2.00   1.67  -0.89  -2.45   0.00   0.71   2.00   2.00   1.84   2.00   2.00   2.00   2.00 
ILE SER
  2.00   2.00   2.00   2.00   1.37  -0.97  -2.34  -0.38   0.21   2.00   2.00   1.57   2.00   2.00   2.00   2.00 
ILE CYS
  2.00   2.00   2.00   2.00   1.09  -1.05  -2.30  -0.52   0.68   2.00   1.78   1.78   1.78   1.78   2.00   2.00 
ILE VAL
  2.00   2.00   2.00   2.00   1.06  -1.20  -2.27   0.15   0.25   1.20   2.00   1.35   1.53   2.00   2.00   2.00 
ILE THR
  2.00   2.00   2.00   2.00   2.00  -1.27  -2.33  -0.10   0.74   2.00   2.00   2.00   2.00   2.00   2.00   2.00 
ILE ILE
  2.00   2.00   2.00   2.00   1.94  -1.35  -2.32   0.20   1.09   1.94   2.00   2.00   1.94   1.65   2.00   2.00 
ILE PRO
  2.00   2.00   2.00   2.00   2.00   0.52  -1.36  -1.29  -1.40  -0.30   0.86  -0.24   0.52   2.00   2.00   2.00 
ILE MET
  2.00   2.00   2.00   2.00   2.00  -1.09  -2.41  -0.09   1.16   1.85   2.00   1.85   2.00   2.00   2.00   2.00 
ILE ASP
  2.00   2.00   2.00   2.00   1.86  -0.75  -2.38  -0.47   0.31   1.72   1.72   1.86   2.00   2.00   2.00   2.00 
ILE ASN
  2.00   2.00   2.00   2.00   0.50  -1.08  -2.35   0.08   0.69   2.00   2.00   1.69   2.00   2.00   2.00   2.00 
ILE LEU
  2.00   2.00   2.00   2.00   2.00  -1.13  -2.37   0.06   0.75   2.00   2.00   1.90   1.90   2.00   2.00   2.00 
ILE LYS
  2.00   2.00   2.00   2.00   1.91  -1.03  -2.40  -0.14   0.93   2.00   1.81   1.81   2.00   2.00   2.00   2.00 
ILE GLU
  2.00   2.00   2.00   2.00   2.00  -1.09  -2.41   0.19   0.61   2.00   2.00   2.00   2.00   2.00   2.00   2.00 
ILE GLN
  2.00   2.00   2.00   2.00   1.17  -1.03  -2.40  -0.07   0.74   1.79   2.00   2.00   2.00   2.00   2.00   2.00 
ILE ARG
  2.00   2.00   2.00   2.00   2.00  -1.01  -2.41  -0.08   0.70   2.00   2.00   2.00   2.00   2.00   2.00   2.00 
ILE HIS
  2.00   2.00   2.00   2.00   0.69  -1.19  -2.26  -0.16   1.27   0.69   2.00   1.27   1.50   2.00   2.00   2.00 
ILE PHE
  2.00   2.00   2.00   2.00   0.93  -1.09  -2.32  -0.12   0.48   1.78   2.00   2.00   1.08   2.00   2.00   2.00 
ILE TYR
  2.00   2.00   2.00   2.00   0.62  -1.19  -2.32   0.52   0.52   1.82   2.00   2.00   1.13   2.00   2.00   2.00 
ILE TRP
  2.00   2.00   2.00   2.00   1.85  -0.86  -2.32   0.06   0.47   0.75   1.85   0.47   1.16   1.85   2.00   2.00 
PRO GLY
  2.00   2.00   2.00   2.00   0.11  -1.01  -2.07  -0.99  -0.27   1.58   2.00   2.00   2.00   2.00   2.00   2.00 
PRO ALA
  2.00   2.00   2.00   2.00   2.00  -0.63  -2.27  -0.93  -0.36   1.13   2.00   2.00   2.00   2.00   2.00   2.00 
PRO SER
  2.00   2.00   2.00   2.00   2.00  -0.25  -2.21  -1.34  -0.25   1.54   2.00   2.00   2.00   2.00   2.00   2.00 
PRO CYS
  2.00   2.00   2.00   2.00   1.42  -0.98  -2.14  -0.66  -0.53   1.42   2.00   2.00   0.72   1.42   2.00   2.00 
PRO VAL
  2.00   2.00   2.00   2.00   2.00  -1.01  -2.22  -0.77  -0.35   1.15   2.00   2.00   2.00   2.00   2.00   2.00 
PRO THR
  2.00   2.00   2.00   2.00   1.69  -0.80  -2.14  -1.11  -0.62   2.00   2.00   2.00   2.00   2.00   2.00   2.00 
PRO ILE
  2.00   2.00   2.00   2.00   2.00  -1.13  -2.17  -0.62  -0.67   1.30   2.00   2.00   2.00   2.00   2.00   2.00 
PRO PRO
  2.00   2.00   2.00   2.00   2.00  -1.00  -1.82  -1.24  -0.80   0.71   1.40   0.71   1.40   2.00   2.00   2.00 
PRO MET
  2.00   2.00   2.00   2.00   2.00  -0.88  -2.30  -0.92   0.10   2.00   2.00   2.00   1.60   2.00   2.00   2.00 
PRO ASP
  2.00   2.00   2.00   2.00   2.00  -0.32  -2.19  -1.48   0.45   1.14   2.00   2.00   2.00   2.00   2.00   2.00 
PRO ASN
  2.00   2.00   2.00   2.00   2.00  -0.80  -2.02  -1.51  -0.39   2.00   2.00   2.00   2.00   2.00   2.00   2.00 
PRO LEU
  2.00   2.00   2.00   2.00   2.00  -0.98  -2.16  -0.92  -0.59   1.22   2.00   2.00   2.00   2.00   2.00   2.00 
PRO LYS
  2.00   2.00   2.00   2.00   2.00  -0.79  -2.24  -1.05  -0.14   2.00   2.00   2.00   2.00   2.00   2.00   2.00 
PRO GLU
  2.00   2.00   2.00   2.00   2.00  -0.47  -2.32  -1.06   0.28   0.79   2.00   2.00   2.00   2.00   2.00   2.00 
PRO GLN
  2.00   2.00   2.00   2.00   2.00  -0.60  -2.25  -1.10  -0.06   1.22   2.00   2.00   2.00   2.00   2.00   2.00 
PRO ARG
  2.00   2.00   2.00   2.00   1.59  -0.90  -2.16  -1.14  -0.09   1.08   2.00   2.00   2.00   2.00   2.00   2.00 
PRO HIS
  2.00   2.00   2.00   2.00   2.00  -0.64  -2.07  -1.36  -0.18   0.22   2.00   2.00   2.00   2.00   2.00   2.00 
PRO PHE
  2.00   2.00   2.00   2.00   2.00  -0.56  -2.26  -1.15  -0.23   2.00   2.00   2.00   2.00   2.00   2.00   2.00 
PRO TYR
  2.00   2.00   2.00   2.00   1.16  -0.85  -2.23  -0.95  -0.22   1.86   2.00   2.00   2.00   2.00   2.00   2.00 
PRO TRP
  2.00   2.00   2.00   2.00   1.87  -0.21  -2.15  -1.26  -0.43   0.26   2.00   2.00   1.87   2.00   2.00   2.00 
MET GLY
  2.00   2.00   2.00   2.00   1.25  -0.80  -2.08  -0.97  -0.51   0.46   2.00   2.00   1.76   1.76   2.00   2.00 
MET ALA
  2.00   2.00   2.00   2.00   2.00  -1.07  -2.37   0.05   0.20   1.15   2.00   1.66   2.00   2.00   2.00   2.00 
MET SER
  2.00   2.00   2.00   2.00   1.76  -0.93  -2.22  -0.19  -0.72   0.66   1.76   2.00   2.00   2.00   2.00   2.00 
MET CYS
  2.00   2.00   2.00   2.00   0.36  -1.02  -2.08  -0.55  -0.55   0.36   2.00   2.00   1.06   2.00   2.00   2.00 
MET VAL
  2.00   2.00   2.00   2.00   2.00  -1.04  -2.42   0.39   0.75   2.00   1.31   1.60   2.00   2.00   2.00   2.00 
MET THR
  2.00   2.00   2.00   2.00   1.06  -1.07  -2.29  -0.10   0.03   1.57   1.57   1.57   2.00   2.00   2.00   2.00 
MET ILE
  2.00   2.00   2.00   2.00   1.74  -1.20  -2.31   0.04   0.24   1.05   1.74   2.00   2.00   1.74   2.00   2.00 
MET PRO
  2.00   2.00   2.00   2.00   2.00   0.52  -0.94  -0.94  -1.71  -0.94   0.52  -0.46   2.00   2.00   2.00   2.00 
MET MET
  2.00   2.00   2.00   2.00   2.00  -1.11  -2.38   0.28   0.28   0.97   2.00   1.38   2.00   2.00   2.00   2.00 
MET ASP
  2.00   2.00   2.00   2.00   2.00  -1.06  -2.28  -0.06  -0.16   0.63   1.32   2.00   2.00   2.00   2.00   2.00 
MET ASN
  2.00   2.00   2.00   2.00   1.74  -1.12  -2.33   0.24   0.04   1.74   1.34   1.34   2.00   2.00   2.00   2.00 
MET LEU
  2.00   2.00   2.00   2.00   1.86  -1.30  -2.29  -0.01   0.61   1.17   2.00   1.64   2.00   2.00   2.00   2.00 
MET LYS
  2.00   2.00   2.00   2.00   1.83  -1.07  -2.34  -0.16   0.17   1.42   2.00   2.00   2.00   2.00   2.00   2.00 
MET GLU
  2.00   2.00   2.00   2.00   1.86  -0.98  -2.40   0.11   0.34   1.53   2.00   2.00   2.00   2.00   2.00   2.00 
MET GLN
  2.00   2.00   2.00   2.00   1.78  -0.88  -2.41   0.17  -0.16   2.00   2.00   2.00   2.00   2.00   2.00   2.00 
MET ARG
  2.00   2.00   2.00   2.00   1.46  -1.04  -2.36  -0.51   0.77   1.46   2.00   2.00   2.00   2.00   2.00   2.00 
MET HIS
  2.00   2.00   2.00   2.00   0.32  -1.16  -2.13  -0.37   0.14   0.32   1.93   1.23   2.00   1.93   2.00   2.00 
MET PHE
  2.00   2.00   2.00   2.00   0.61  -1.39  -2.14   0.02   0.27   0.83   0.83   2.00   1.52   2.00   2.00   2.00 
MET TYR
  2.00   2.00   2.00   2.00   0.33  -0.83  -2.29  -0.65   0.33   2.00   2.00   1.42   2.00   2.00   2.00   2.00 
MET TRP
  2.00   2.00   2.00   2.00   2.00  -0.17  -2.54  -0.17   0.52   2.00   1.22   2.00   2.00   2.00   2.00   2.00 
ASP GLY
  2.00   2.00   2.00   2.00  -0.08  -0.87  -1.73  -1.01  -0.80   0.30   1.21   0.30   2.00   2.00   2.00   2.00 
ASP ALA
  2.00   2.00   2.00   2.00   2.00  -0.93  -2.20  -0.32  -0.82   0.57   2.00   2.00   2.00   2.00   2.00   2.00 
ASP SER
  2.00   2.00   2.00   2.00   1.80  -0.73  -1.73  -0.79  -1.36  -0.35   1.33   1.47   2.00   2.00   2.00   2.00 
ASP CYS
  2.00   2.00   2.00   2.00   1.25  -1.15  -2.10  -0.64  -0.59   0.97   1.66   2.00   2.00   2.00   2.00   2.00 
ASP VAL
  2.00   2.00   2.00   2.00   1.57  -1.18  -2.20  -0.10  -0.46   0.67   1.49   2.00   2.00   2.00   2.00   2.00 
ASP THR
  2.00   2.00   2.00   2.00   0.84  -1.25  -1.79  -0.59  -0.92  -0.13   0.84   1.85   2.00   2.00   2.00   2.00 
ASP ILE
  2.00   2.00   2.00   2.00   2.00  -1.16  -2.29   0.28  -0.24   0.60   2.00   2.00   2.00   2.00   2.00   2.00 
ASP PRO
  2.00   2.00   2.00   2.00   2.00  -0.20  -0.89  -0.54  -1.83  -1.33   0.72   2.00   2.00   2.00   2.00   2.00 
ASP MET
  2.00   2.00   2.00   2.00   1.50  -1.11  -2.27  -0.26  -0.30   0.80   2.00   2.00   2.00   2.00   2.00   2.00 
ASP ASP
  2.00   2.00   2.00   2.00   1.14  -0.49  -1.76  -1.10  -1.30   0.01   1.84   1.14   2.00   2.00   2.00   2.00 
ASP ASN
  2.00   2.00   2.00   2.00   1.03  -0.90  -1.83  -0.94  -1.15   0.06   1.72   2.00   2.00   2.00   2.00   2.00 
ASP LEU
  2.00   2.00   2.00   2.00   1.62  -1.24  -2.23  -0.29  -0.23   1.12   2.00   2.00   2.00   2.00   2.00   2.00 
ASP LYS
  2.00   2.00   2.00   2.00   1.58  -0.85  -1.96  -0.83  -0.98   0.08   1.46   1.87   2.00   2.00   2.00   2.00 
ASP GLU
  2.00   2.00   2.00   2.00   1.62  -0.70  -2.02  -0.55  -1.16  -0.05   2.00   2.00   2.00   2.00   2.00   2.00 
ASP GLN
  2.00   2.00   2.00   2.00   2.00  -0.80  -2.10  -0.67  -0.96   0.30   2.00   1.86   2.00   2.00   2.00   2.00 
ASP ARG
  2.00   2.00   2.00   2.00   2.00  -0.89  -2.03  -0.76  -1.00   0.44   1.70   2.00   2.00   2.00   2.00   2.00 
ASP HIS
  2.00   2.00   2.00   2.00   0.31  -1.25  -1.99  -0.65  -0.38   0.19   1.29   2.00   2.00   2.00   2.00   2.00 
ASP PHE
  2.00   2.00   2.00   2.00   0.94  -1.05  -2.13  -0.54  -0.68   0.70   2.00   2.00   2.00   2.00   2.00   2.00 
ASP TYR
  2.00   2.00   2.00   2.00  -0.04  -1.10  -1.96  -0.44  -0.73   0.17   2.00   2.00   2.00   2.00   2.00   2.00 
ASP TRP
  2.00   2.00   2.00   2.00   1.47  -0.96  -2.17  -0.61  -0.61   0.37   2.00   2.00   2.00   2.00   2.00   2.00 
ASN GLY
  2.00   2.00   2.00   2.00   0.55  -0.72  -1.81  -0.70  -1.09  -0.11   0.55   0.91   2.00   2.00   2.00   2.00 
ASN ALA
  2.00   2.00   2.00   2.00   1.85  -0.87  -2.18  -0.51  -0.67   0.37   1.85   2.00   2.00   2.00   2.00   2.00 
ASN SER
  2.00   2.00   2.00   2.00   2.00  -0.47  -1.90  -0.95  -1.01  -0.53   1.11   1.51   2.00   2.00   2.00   2.00 
ASN CYS
  2.00   2.00   2.00   2.00   0.81  -0.75  -2.12  -0.20  -0.75   0.12   1.10   0.59   2.00   2.00   2.00   2.00 
ASN VAL
  2.00   2.00   2.00   2.00   1.19  -1.11  -2.18   0.12  -0.49   0.29   1.64   1.50   2.00   2.00   2.00   2.00 
ASN THR
  2.00   2.00   2.00   2.00   0.96  -0.95  -1.89  -0.70  -0.97   0.15   0.96   1.43   1.66   2.00   2.00   2.00 
ASN ILE
  2.00   2.00   2.00   2.00   1.60  -0.99  -2.28  -0.01  -0.33   0.35   2.00   2.00   2.00   2.00   2.00   2.00 
ASN PRO
  2.00   2.00   2.00   2.00   1.90   0.11  -0.66  -0.05  -1.74  -1.43  -0.18   0.29   2.00   1.90   2.00   2.00 
ASN MET
  2.00   2.00   2.00   2.00   1.97  -0.89  -2.30  -0.17  -0.22   0.36   1.57   2.00   2.00   2.00   2.00   2.00 
ASN ASP
  2.00   2.00   2.00   2.00   1.07  -0.46  -1.61  -0.74  -1.38  -0.94   1.77   1.36   2.00   2.00   2.00   2.00 
ASN ASN
  2.00   2.00   2.00   2.00   1.19  -1.15  -1.83  -0.72  -0.83  -0.29   0.72   2.00   2.00   2.00   2.00   2.00 
ASN LEU
  2.00   2.00   2.00   2.00   2.00  -1.18  -2.19  -0.33  -0.46   0.73   2.00   2.00   2.00   2.00   2.00   2.00 
ASN LYS
  2.00   2.00   2.00   2.00   2.00  -0.90  -1.99  -0.61  -0.95  -0.13   2.00   1.10   2.00   2.00   2.00   2.00 
ASN GLU
  2.00   2.00   2.00   2.00   1.70  -0.70  -1.99  -0.65  -0.84  -0.52   1.19   1.41   2.00   2.00   2.00   2.00 
ASN GLN
  2.00   2.00   2.00   2.00   1.56  -0.90  -2.04  -0.61  -0.88   0.11   1.00   2.00   2.00   2.00   2.00   2.00 
ASN ARG
  2.00   2.00   2.00   2.00   2.00  -0.76  -2.03  -0.68  -0.88  -0.19   1.27   1.83   2.00   2.00   2.00   2.00 
ASN HIS
  2.00   2.00   2.00   2.00   1.36  -0.83  -1.90  -0.65  -0.89  -0.65   2.00   1.36   2.00   2.00   2.00   2.00 
ASN PHE
  2.00   2.00   2.00   2.00   0.28  -1.29  -2.06  -0.28  -0.22   0.23   2.00   2.00   1.51   2.00   2.00   2.00 
ASN TYR
  2.00   2.00   2.00   2.00   0.30  -0.98  -2.10  -0.32  -0.25  -0.03   1.07   1.40   2.00   2.00   2.00   2.00 
ASN TRP
  2.00   2.00   2.00   2.00   0.97  -1.33  -1.92  -0.49  -0.57  -0.23   0.97   2.00   2.00   2.00   2.00   2.00 
LEU GLY
  2.00   2.00   2.00   2.00   0.76  -0.96  -2.12  -0.65  -0.38   0.38   1.52   1.93   1.83   2.00   2.00   2.00 
LEU ALA
  2.00   2.00   2.00   2.00   2.00  -0.84  -2.43  -0.02   0.37   1.71   2.00   1.79   2.00   2.00   2.00   2.00 
LEU SER
  2.00   2.00   2.00   2.00   1.24  -0.88  -2.24  -0.74  -0.15   1.00   1.97   2.00   2.00   2.00   2.00   2.00 
LEU CYS
  2.00   2.00   2.00   2.00   0.86  -0.74  -2.34  -0.09  -0.01   1.78   1.38   0.86   1.78   2.00   2.00   2.00 
LEU VAL
  2.00   2.00   2.00   2.00   1.42  -1.14  -2.30   0.25   0.27   1.42   1.04   1.35   2.00   2.00   2.00   2.00 
LEU THR
  2.00   2.00   2.00   2.00   1.41  -1.32  -2.24  -0.20   0.21   2.00   2.00   1.82   2.00   2.00   2.00   2.00 
LEU ILE
  2.00   2.00   2.00   2.00   1.76  -1.21  -2.29   0.21   0.34   0.87   1.00   1.76   2.00   2.00   2.00   2.00 
LEU PRO
  2.00   2.00   2.00   2.00   2.00   0.23  -1.23  -1.30  -1.59  -0.53   2.00  -0.06   1.48   1.89   2.00   2.00 
LEU MET
  2.00   2.00   2.00   2.00   2.00  -1.03  -2.38  -0.25   0.97   1.48   2.00   2.00   2.00   2.00   2.00   2.00 
LEU ASP
  2.00   2.00   2.00   2.00   1.44  -0.74  -2.30  -0.52  -0.18   1.04   1.55   1.73   2.00   2.00   2.00   2.00 
LEU ASN
  2.00   2.00   2.00   2.00   0.97  -0.87  -2.34  -0.19   0.02   0.93   2.00   2.00   2.00   2.00   2.00   2.00 
LEU LEU
  2.00   2.00   2.00   2.00   2.00  -1.17  -2.35   0.15   0.59   1.30   1.51   2.00   2.00   2.00   2.00   2.00 
LEU LYS
  2.00   2.00   2.00   2.00   2.00  -0.99  -2.37  -0.31   0.35   1.61   2.00   2.00   2.00   2.00   2.00   2.00 
LEU GLU
  2.00   2.00   2.00   2.00   1.72  -1.02  -2.39  -0.14   0.73   1.54   2.00   1.85   2.00   2.00   2.00   2.00 
LEU GLN
  2.00   2.00   2.00   2.00   1.34  -0.93  -2.37  -0.41   0.41   1.85   2.00   2.00   2.00   2.00   2.00   2.00 
LEU ARG
  2.00   2.00   2.00   2.00   2.00  -1.07  -2.38  -0.05   0.39   1.50   2.00   2.00   2.00   2.00   2.00   2.00 
LEU HIS
  2.00   2.00   2.00   2.00   0.93  -0.99  -2.24  -0.40  -0.09   1.19   1.70   1.89   2.00   2.00   2.00   2.00 
LEU PHE
  2.00   2.00   2.00   2.00   0.88  -0.98  -2.31  -0.29   0.50   0.96   2.00   1.66   2.00   2.00   2.00   2.00 
LEU TYR
  2.00   2.00   2.00   2.00   0.61  -0.92  -2.31  -0.08   0.09   1.07   1.36   1.95   2.00   2.00   2.00   2.00 
LEU TRP
  2.00   2.00   2.00   2.00   2.00  -0.91  -2.36  -0.37   0.37   1.06   1.58   2.00   2.00   1.98   2.00   2.00 
LYS GLY
  2.00   2.00   2.00   2.00   0.03  -1.09  -1.84  -1.07  -0.65   0.57   1.67   2.00   2.00   2.00   2.00   2.00 
LYS ALA
  2.00   2.00   2.00   2.00   2.00  -0.98  -2.39  -0.00   0.13   1.39   2.00   2.00   2.00   2.00   2.00   2.00 
LYS SER
  2.00   2.00   2.00   2.00   1.17  -0.92  -2.18  -0.55  -0.39   0.39   2.00   1.28   2.00   2.00   2.00   2.00 
LYS CYS
  2.00   2.00   2.00   2.00   0.34  -1.15  -2.23  -0.13  -0.07   0.69   2.00   2.00   2.00   2.00   2.00   2.00 
LYS VAL
  2.00   2.00   2.00   2.00   1.10  -1.37  -2.26   0.41   0.20   1.48   1.65   2.00   2.00   2.00   2.00   2.00 
LYS THR
  2.00   2.00   2.00   2.00   0.43  -1.41  -2.08  -0.09   0.20   0.74   1.43   1.43   1.30   1.99   2.00   2.00 
LYS ILE
  2.00   2.00   2.00   2.00   1.50  -1.22  -2.29   0.42  -0.11   0.96   1.83   2.00   2.00   2.00   2.00   2.00 
LYS PRO
  2.00   2.00   2.00   2.00   2.00   0.25  -0.73  -0.36  -1.46  -1.74   0.25   0.65   1.35   2.00   2.00   2.00 
LYS MET
  2.00   2.00   2.00   2.00   1.41  -1.08  -2.32  -0.16   0.07   1.82   2.00   2.00   2.00   2.00   2.00   2.00 
LYS ASP
  2.00   2.00   2.00   2.00  -0.00  -0.69  -2.15  -0.51  -0.62   0.35   2.00   2.00   2.00   2.00   2.00   2.00 
LYS ASN
  2.00   2.00   2.00   2.00   0.20  -1.24  -2.07  -0.57  -0.05   0.84   1.63   1.63   2.00   2.00   2.00   2.00 
LYS LEU
  2.00   2.00   2.00   2.00   1.43  -1.30  -2.30   0.02   0.53   1.12   2.00   2.00   2.00   2.00   2.00   2.00 
LYS LYS
  2.00   2.00   2.00   2.00   1.41  -1.20  -2.23  -0.42   0.13   0.93   1.58   2.00   2.00   2.00   2.00   2.00 
LYS GLU
  2.00   2.00   2.00   2.00   2.00  -1.07  -2.30  -0.42   0.35   0.59   1.76   2.00   2.00   2.00   2.00   2.00 
LYS GLN
  2.00   2.00   2.00   2.00   2.00  -1.03  -2.30  -0.47   0.02   1.16   1.97   2.00   2.00   2.00   2.00   2.00 
LYS ARG
  2.00   2.00   2.00   2.00   1.71  -1.13  -2.26  -0.35  -0.01   1.09   1.71   2.00   2.00   2.00   2.00   2.00 
LYS HIS
  2.00   2.00   2.00   2.00   0.10  -1.11  -2.23  -0.04   0.34   1.13   1.64   1.64   2.00   2.00   2.00   2.00 
LYS PHE
  2.00   2.00   2.00   2.00   0.42  -1.17  -2.23  -0.24   0.42   0.81   2.00   1.67   2.00   2.00   2.00   2.00 
LYS TYR
  2.00   2.00   2.00   2.00   0.06  -1.36  -2.14  -0.16   0.33   0.86   2.00   2.00   2.00   2.00   2.00   2.00 
LYS TRP
  2.00   2.00   2.00   2.00   0.34  -1.22  -2.20  -0.40   0.14   2.00   1.44   2.00   2.00   2.00   2.00   2.00 
GLU GLY
  2.00   2.00   2.00   2.00  -0.04  -1.12  -1.99  -0.74  -0.51   0.70   1.89   2.00   2.00   2.00   2.00   2.00 
GLU ALA
  2.00   2.00   2.00   2.00   2.00  -0.94  -2.40  -0.17   0.13   1.55   2.00   2.00   2.00   2.00   2.00   2.00 
GLU SER
  2.00   2.00   2.00   2.00   1.76  -0.78  -2.24  -0.59  -0.50   0.44   2.00   2.00   2.00   2.00   2.00   2.00 
GLU CYS
  2.00   2.00   2.00   2.00   1.03  -1.13  -2.24  -0.36  -0.32   1.72   2.00   2.00   2.00   2.00   2.00   2.00 
GLU VAL
  2.00   2.00   2.00   2.00   1.90  -1.22  -2.33   0.13   0.15   1.20   2.00   2.00   2.00   2.00   2.00   2.00 
GLU THR
  2.00   2.00   2.00   2.00   0.81  -1.12  -2.22  -0.16  -0.24   0.81   2.00   1.57   2.00   2.00   2.00   2.00 
GLU ILE
  2.00   2.00   2.00   2.00   2.00  -1.20  -2.34   0.32   0.06   1.05   2.00   2.00   2.00   2.00   2.00   2.00 
GLU PRO
  2.00   2.00   2.00   2.00   2.00   0.02  -0.96  -0.73  -1.71  -1.11  -0.27   1.52   1.52   2.00   2.00   2.00 
GLU MET
  2.00   2.00   2.00   2.00   2.00  -1.09  -2.36  -0.13  -0.02   1.93   2.00   2.00   2.00   2.00   2.00   2.00 
GLU ASP
  2.00   2.00   2.00   2.00   0.86  -0.71  -2.22  -0.60  -0.43   0.38   2.00   2.00   2.00   2.00   2.00   2.00 
GLU ASN
  2.00   2.00   2.00   2.00   0.68  -1.20  -2.18  -0.48   0.05   0.81   1.66   2.00   2.00   2.00   2.00   2.00 
GLU LEU
  2.00   2.00   2.00   2.00   1.51  -1.30  -2.31   0.08   0.28   1.60   2.00   2.00   2.00   2.00   2.00   2.00 
GLU LYS
  2.00   2.00   2.00   2.00   1.39  -0.90  -2.28  -0.36  -0.33   0.81   2.00   2.00   2.00   2.00   2.00   2.00 
GLU GLU
  2.00   2.00   2.00   2.00   1.95  -1.03  -2.35   0.04   0.09   0.53   2.00   2.00   2.00   2.00   2.00   2.00 
GLU GLN
  2.00   2.00   2.00   2.00   1.56  -0.93  -2.36  -0.14   0.24   0.65   2.00   2.00   2.00   2.00   2.00   2.00 
GLU ARG
  2.00   2.00   2.00   2.00   2.00  -0.99  -2.33  -0.24  -0.02   0.83   2.00   2.00   2.00   2.00   2.00   2.00 
GLU HIS
  2.00   2.00   2.00   2.00  -0.05  -1.17  -2.22   0.20   0.13   0.64   1.74   2.00   2.00   2.00   2.00   2.00 
GLU PHE
  2.00   2.00   2.00   2.00   0.18  -1.27  -2.25  -0.14   0.42   1.61   2.00   2.00   2.00   2.00   2.00   2.00 
GLU TYR
  2.00   2.00   2.00   2.00  -0.08  -1.27  -2.16  -0.19   0.02   1.33   2.00   2.00   2.00   2.00   2.00   2.00 
GLU TRP
  2.00   2.00   2.00   2.00   2.00  -1.32  -2.18  -0.26   0.03   0.21   2.00   2.00   2.00   2.00   2.00   2.00 
GLN GLY
  2.00   2.00   2.00   2.00   0.16  -1.07  -1.94  -0.90  -0.68   0.46   2.00   2.00   2.00   2.00   2.00   2.00 
GLN ALA
  2.00   2.00   2.00   2.00   2.00  -0.93  -2.42  -0.05   0.36   1.56   2.00   2.00   2.00   2.00   2.00   2.00 
GLN SER
  2.00   2.00   2.00   2.00   0.94  -0.88  -2.23  -0.50  -0.23   0.66   1.35   1.75   2.00   2.00   2.00   2.00 
GLN CYS
  2.00   2.00   2.00   2.00   0.69  -1.26  -2.29  -0.33   1.38   2.00   1.38   2.00   2.00   2.00   2.00   2.00 
GLN VAL
  2.00   2.00   2.00   2.00   2.00  -1.20  -2.34   0.22   0.45   1.11   1.67   2.00   2.00   2.00   2.00   2.00 
GLN THR
  2.00   2.00   2.00   2.00   0.81  -1.30  -2.15  -0.13  -0.17   0.70   1.06   2.00   2.00   2.00   2.00   2.00 
GLN ILE
  2.00   2.00   2.00   2.00   2.00  -1.13  -2.39   0.47   0.14   1.50   2.00   2.00   2.00   2.00   2.00   2.00 
GLN PRO
  2.00   2.00   2.00   2.00   2.00   0.32  -0.69  -1.07  -1.59  -1.24   0.10   0.61   0.61   2.00   2.00   2.00 
GLN MET
  2.00   2.00   2.00   2.00   2.00  -0.75  -2.39  -0.43   0.30   0.64   2.00   2.00   2.00   2.00   2.00   2.00 
GLN ASP
  2.00   2.00   2.00   2.00   1.42  -0.71  -2.23  -0.31  -0.56   0.25   0.83   2.00   2.00   2.00   2.00   2.00 
GLN ASN
  2.00   2.00   2.00   2.00   0.75  -1.21  -2.20  -0.34   0.35   0.53   2.00   2.00   2.00   2.00   2.00   2.00 
GLN LEU
  2.00   2.00   2.00   2.00   2.00  -1.29  -2.34   0.15   0.40   1.55   2.00   2.00   2.00   2.00   2.00   2.00 
GLN LYS
  2.00   2.00   2.00   2.00   1.65  -0.97  -2.29  -0.28  -0.20   0.67   2.00   2.00   2.00   2.00   2.00   2.00 
GLN GLU
  2.00   2.00   2.00   2.00   1.23  -0.71  -2.37  -0.27   0.04   0.68   2.00   2.00   2.00   2.00   2.00   2.00 
GLN GLN
  2.00   2.00   2.00   2.00   2.00  -0.84  -2.40   0.03   0.17   0.77   1.78   2.00   2.00   2.00   2.00   2.00 
GLN ARG
  2.00   2.00   2.00   2.00   1.28  -0.99  -2.32   0.06  -0.11   1.05   1.28   2.00   2.00   2.00   2.00   2.00 
GLN HIS
  2.00   2.00   2.00   2.00   0.19  -0.87  -2.30  -0.14   0.42   0.55   1.80   2.00   2.00   2.00   2.00   2.00 
GLN PHE
  2.00   2.00   2.00   2.00   0.45  -1.15  -2.25   0.07  -0.10   1.77   2.00   2.00   2.00   2.00   2.00   2.00 
GLN TYR
  2.00   2.00   2.00   2.00   0.06  -1.27  -2.19  -0.12   0.33   1.02   2.00   2.00   2.00   2.00   2.00   2.00 
GLN TRP
  2.00   2.00   2.00   2.00   0.74  -0.87  -2.25  -0.36   0.15   1.65   2.00   0.04   2.00   2.00   2.00   2.00 
ARG GLY
  2.00   2.00   2.00   2.00   0.71  -1.22  -2.01  -0.72  -0.47   0.50   2.00   2.00   2.00   2.00   2.00   2.00 
ARG ALA
  2.00   2.00   2.00   2.00   2.00  -1.07  -2.38   0.24   0.02   1.39   2.00   2.00   2.00   2.00   2.00   2.00 
ARG SER
  2.00   2.00   2.00   2.00   1.09  -0.96  -2.13  -0.65  -0.50   0.65   1.68   1.34   1.90   2.00   2.00   2.00 
ARG CYS
  2.00   2.00   2.00   2.00   0.50  -1.04  -2.16  -0.42  -0.48   0.90   2.00   2.00   2.00   2.00   2.00   2.00 
ARG VAL
  2.00   2.00   2.00   2.00   1.10  -1.21  -2.31   0.09   0.44   1.10   1.86   1.86   2.00   2.00   2.00   2.00 
ARG THR
  2.00   2.00   2.00   2.00   0.41  -1.15  -2.17  -0.31  -0.05   0.84   1.45   1.85   2.00   2.00   2.00   2.00 
ARG ILE
  2.00   2.00   2.00   2.00   1.82  -1.18  -2.35   0.21   0.55   1.00   1.82   2.00   2.00   2.00   2.00   2.00 
ARG PRO
  2.00   2.00   2.00   2.00   2.00   0.12  -0.66  -0.98  -1.35  -1.59   0.30   0.52   1.22   1.91   2.00   2.00 
ARG MET
  2.00   2.00   2.00   2.00   1.97  -1.01  -2.40   0.12   0.12   2.00   2.00   1.97   2.00   2.00   2.00   2.00 
ARG ASP
  2.00   2.00   2.00   2.00   0.89  -0.72  -2.04  -0.72  -0.61  -0.24   1.11   2.00   1.58   2.00   2.00   2.00 
ARG ASN
  2.00   2.00   2.00   2.00   0.62  -1.15  -2.21  -0.07  -0.16   1.07   1.92   1.92   1.92   2.00   2.00   2.00 
ARG LEU
  2.00   2.00   2.00   2.00   1.88  -1.36  -2.30  -0.01   0.43   1.95   2.00   2.00   2.00   2.00   2.00   2.00 
ARG LYS
  2.00   2.00   2.00   2.00   1.15  -1.08  -2.28  -0.37   0.19   0.83   1.77   2.00   2.00   2.00   2.00   2.00 
ARG GLU
  2.00   2.00   2.00   2.00   0.95  -0.84  -2.29  -0.32  -0.22   0.55   2.00   2.00   2.00   2.00   2.00   2.00 
ARG GLN
  2.00   2.00   2.00   2.00   1.11  -0.95  -2.30  -0.46   0.23   1.11   1.47   2.00   2.00   2.00   2.00   2.00 
ARG ARG
  2.00   2.00   2.00   2.00   1.89  -1.04  -2.36  -0.03   0.32   0.91   2.00   2.00   2.00   2.00   2.00   2.00 
ARG HIS
  2.00   2.00   2.00   2.00   0.43  -1.22  -2.18  -0.26   0.14   0.43   1.53   2.00   2.00   2.00   2.00   2.00 
ARG PHE
  2.00   2.00   2.00   2.00   0.58  -1.33  -2.23  -0.06   0.17   1.68   2.00   2.00   2.00   2.00   2.00   2.00 
ARG TYR
  2.00   2.00   2.00   2.00   0.12  -0.99  -2.28  -0.19   0.17   1.69   2.00   2.00   2.00   2.00   2.00   2.00 
ARG TRP
  2.00   2.00   2.00   2.00   0.84  -1.16  -2.28   0.37  -0.04   0.50   2.00   2.00   1.75   2.00   2.00   2.00 
HIS GLY
  2.00   2.00   2.00   2.00   2.00  -0.81  -1.93  -0.93  -0.63  -0.34   0.57   1.67   2.00   2.00   2.00   2.00 
HIS ALA
  2.00   2.00   2.00   2.00   1.95  -0.84  -2.32  -0.10  -0.07   0.24   1.95   1.54   2.00   2.00   2.00   2.00 
HIS SER
  2.00   2.00   2.00   2.00   1.28  -0.45  -2.13  -0.80  -0.51  -0.02   1.28   1.69   2.00   1.28   2.00   2.00 
HIS CYS
  2.00   2.00   2.00   2.00   0.15  -1.39  -2.04  -0.54  -0.13   0.56   2.00   2.00   2.00   2.00   2.00   2.00 
HIS VAL
  2.00   2.00   2.00   2.00   1.19  -1.39  -2.11   0.32  -0.49   0.61   2.00   1.19   2.00   2.00   2.00   2.00 
HIS THR
  2.00   2.00   2.00   2.00   1.01  -0.82  -2.18  -0.55  -0.24   0.32   1.01   1.30   2.00   2.00   2.00   2.00 
HIS ILE
  2.00   2.00   2.00   2.00   2.00  -1.25  -2.21  -0.06  -0.27   0.58   2.00   2.00   2.00   2.00   2.00   2.00 
HIS PRO
  2.00   2.00   2.00   2.00   2.00   0.10  -0.71  -0.71  -1.51  -1.51   0.10   1.49   0.10   2.00   2.00   2.00 
HIS MET
  2.00   2.00   2.00   2.00   2.00  -0.98  -2.34  -0.24   0.12   0.68   2.00   2.00   2.00   2.00   2.00   2.00 
HIS ASP
  2.00   2.00   2.00   2.00   1.53  -0.26  -2.04  -0.81  -0.78  -0.42   0.68   1.93   1.93   2.00   2.00   2.00 
HIS ASN
  2.00   2.00   2.00   2.00   0.42  -1.30  -1.94  -0.27  -0.61   0.09   0.93   2.00   2.00   2.00   2.00   2.00 
HIS LEU
  2.00   2.00   2.00   2.00   1.88  -1.18  -2.29  -0.47   0.27   1.54   2.00   2.00   2.00   2.00   2.00   2.00 
HIS LYS
  2.00   2.00   2.00   2.00   2.00  -0.83  -2.35  -0.45   0.02   1.34   2.00   1.34   2.00   2.00   2.00   2.00 
HIS GLU
  2.00   2.00   2.00   2.00   2.00  -0.85  -2.12  -0.05  -0.51  -0.82   2.00   2.00   2.00   2.00   2.00   2.00 
HIS GLN
  2.00   2.00   2.00   2.00   1.41  -0.71  -2.36  -0.27   0.20   0.43   2.00   1.41   2.00   2.00   2.00   2.00 
HIS ARG
  2.00   2.00   2.00   2.00   1.93  -0.78  -2.26  -0.51  -0.01  -0.01   1.93   1.93   2.00   2.00   2.00   2.00 
HIS HIS
  2.00   2.00   2.00   2.00   0.05  -1.15  -1.85  -0.80  -0.56  -0.24   1.15   2.00   2.00   2.00   2.00   2.00 
HIS PHE
  2.00   2.00   2.00   2.00   0.85  -0.94  -2.13  -0.67  -0.63   1.08   2.00   1.37   2.00   2.00   2.00   2.00 
HIS TYR
  2.00   2.00   2.00   2.00   1.03  -0.96  -2.18  -0.64   0.19   0.19   2.00   1.44   2.00   1.44   2.00   2.00 
HIS TRP
  2.00   2.00   2.00   2.00   1.57  -0.91  -2.28  -0.04  -0.37   0.47   2.00   1.57   2.00   1.57   2.00   2.00 
PHE GLY
  2.00   2.00   2.00   2.00   0.85  -0.80  -2.05  -0.68  -0.59   0.26   0.95   0.75   2.00   2.00   2.00   2.00 
PHE ALA
  2.00   2.00   2.00   2.00   1.88  -1.04  -2.37  -0.16   0.61   1.12   2.00   2.00   2.00   2.00   2.00   2.00 
PHE SER
  2.00   2.00   2.00   2.00   2.00  -1.11  -2.14  -0.67   0.15   0.23   1.02   1.53   2.00   2.00   2.00   2.00 
PHE CYS
  2.00   2.00   2.00   2.00   1.34  -0.86  -2.13  -0.86   0.24  -0.27   1.34   2.00   1.34   2.00   2.00   2.00 
PHE VAL
  2.00   2.00   2.00   2.00   1.35  -1.17  -2.25  -0.03   0.56   1.35   0.56   1.86   1.57   1.35   2.00   2.00 
PHE THR
  2.00   2.00   2.00   2.00   1.46  -1.16  -2.25  -0.30   0.30   0.77   1.46   2.00   2.00   2.00   2.00   2.00 
PHE ILE
  2.00   2.00   2.00   2.00   2.00  -1.25  -2.31   0.27   0.68   0.81   0.97   2.00   2.00   2.00   2.00   2.00 
PHE PRO
  2.00   2.00   2.00   2.00   2.00   0.12  -1.03  -0.98  -1.70  -0.42  -0.13   0.12   0.45   2.00   2.00   2.00 
PHE MET
  2.00   2.00   2.00   2.00   2.00  -1.01  -2.33  -0.01   0.09   1.19   1.60   1.19   2.00   2.00   2.00   2.00 
PHE ASP
  2.00   2.00   2.00   2.00   1.31  -0.65  -2.29  -0.43  -0.26   0.41   1.20   2.00   2.00   2.00   2.00   2.00 
PHE ASN
  2.00   2.00   2.00   2.00   1.19  -1.18  -2.20  -0.39   0.14   0.49   1.34   2.00   2.00   2.00   2.00   2.00 
PHE LEU
  2.00   2.00   2.00   2.00   2.00  -1.26  -2.30   0.02   0.47   0.85   2.00   2.00   2.00   2.00   2.00   2.00 
PHE LYS
  2.00   2.00   2.00   2.00   2.00  -1.05  -2.32  -0.21   0.13   0.91   2.00   1.85   2.00   2.00   2.00   2.00 
PHE GLU
  2.00   2.00   2.00   2.00   1.64  -1.10  -2.31  -0.07   0.18   0.84   2.00   1.64   2.00   2.00   2.00   2.00 
PHE GLN
  2.00   2.00   2.00   2.00   2.00  -0.79  -2.42  -0.01   0.07   1.09   2.00   1.90   2.00   2.00   2.00   2.00 
PHE ARG
  2.00   2.00   2.00   2.00   2.00  -1.03  -2.38  -0.04   0.62   0.83   2.00   1.44   2.00   2.00   2.00   2.00 
PHE HIS
  2.00   2.00   2.00   2.00   0.73  -0.92  -2.21  -0.23  -0.15   0.55   1.24   0.95   2.00   2.00   2.00   2.00 
PHE PHE
  2.00   2.00   2.00   2.00   0.41  -1.10  -2.18  -0.08   0.18   0.29   1.79   0.88   1.39   2.00   2.00   2.00 
PHE TYR
  2.00   2.00   2.00   2.00   1.25  -0.98  -2.15  -0.54  -0.21   0.41   1.66   0.97   2.00   1.66   2.00   2.00 
PHE TRP
  2.00   2.00   2.00   2.00   1.37  -1.03  -2.24   1.37  -0.42   1.37   0.27   2.00   0.68   1.37   2.00   2.00 
TYR GLY
  2.00   2.00   2.00   2.00   0.51  -1.14  -1.90  -0.98  -0.35   0.42   1.52   0.71   2.00   2.00   2.00   2.00 
TYR ALA
  2.00   2.00   2.00   2.00   1.76  -1.09  -2.34   0.04   0.31   1.00   1.92   1.63   2.00   2.00   2.00   2.00 
TYR SER
  2.00   2.00   2.00   2.00   1.53  -0.71  -2.20  -0.75  -0.32   0.66   1.20   1.53   2.00   2.00   2.00   2.00 
TYR CYS
  2.00   2.00   2.00   2.00   0.27  -1.03  -2.00  -0.42  -0.58  -0.02   0.68   2.00   1.37   2.00   2.00   2.00 
TYR VAL
  2.00   2.00   2.00   2.00   2.00  -1.13  -2.27   0.04   0.59   0.68   1.04   0.68   2.00   2.00   2.00   2.00 
TYR THR
  2.00   2.00   2.00   2.00   0.84  -1.22  -2.22   0.03   0.44   0.72   1.13   2.00   2.00   1.31   2.00   2.00 
TYR ILE
  2.00   2.00   2.00   2.00   2.00  -1.17  -2.25   0.57  -0.18   0.20   2.00   0.97   1.67   2.00   2.00   2.00 
TYR PRO
  2.00   2.00   2.00   2.00   2.00  -0.08  -1.27  -0.78  -1.18  -1.03  -0.34   0.07   0.25   2.00   2.00   2.00 
TYR MET
  2.00   2.00   2.00   2.00   0.84  -0.87  -2.36  -0.08   0.84   0.62   1.13   2.00   2.00   2.00   2.00   2.00 
TYR ASP
  2.00   2.00   2.00   2.00   1.38  -0.87  -2.15  -0.76  -0.44   0.40   1.10   2.00   2.00   2.00   2.00   2.00 
TYR ASN
  2.00   2.00   2.00   2.00   0.72  -1.13  -2.14  -0.50  -0.27   0.63   2.00   1.42   1.93   2.00   2.00   2.00 
TYR LEU
  2.00   2.00   2.00   2.00   1.93  -1.12  -2.33   0.10   0.01   1.75   1.59   2.00   2.00   2.00   2.00   2.00 
TYR LYS
  2.00   2.00   2.00   2.00   1.57  -0.93  -2.31  -0.20   0.02   0.52   2.00   1.57   2.00   2.00   2.00   2.00 
TYR GLU
  2.00   2.00   2.00   2.00   1.28  -1.07  -2.25  -0.16  -0.02   0.34   2.00   1.53   2.00   2.00   2.00   2.00 
TYR GLN
  2.00   2.00   2.00   2.00   1.53  -1.08  -2.37   0.37   0.20   0.94   2.00   2.00   2.00   2.00   2.00   2.00 
TYR ARG
  2.00   2.00   2.00   2.00   0.93  -1.16  -2.29  -0.20   0.67   0.75   2.00   1.62   2.00   2.00   2.00   2.00 
TYR HIS
  2.00   2.00   2.00   2.00   2.00  -1.15  -2.17  -0.17   0.71  -0.08   0.71   1.62   1.62   1.22   2.00   2.00 
TYR PHE
  2.00   2.00   2.00   2.00   0.66  -0.92  -2.18  -0.66   0.12   0.52   1.50   1.22   2.00   1.91   2.00   2.00 
TYR TYR
  2.00   2.00   2.00   2.00   2.00  -1.22  -2.23  -0.04  -0.12   0.37   1.75   2.00   2.00   2.00   2.00   2.00 
TYR TRP
  2.00   2.00   2.00   2.00   2.00  -0.84  -2.17  -0.14  -0.28  -0.14   1.11   1.80   0.70   1.11   2.00   2.00 
TRP GLY
  2.00   2.00   2.00   2.00   2.00  -0.63  -2.16  -0.63  -0.56   0.20   1.05   2.00   1.45   1.45   2.00   2.00 
TRP ALA
  2.00   2.00   2.00   2.00   2.00  -0.67  -2.46  -0.01   0.10   1.15   2.00   2.00   2.00   2.00   2.00   2.00 
TRP SER
  2.00   2.00   2.00   2.00   1.68  -0.52  -2.26  -0.89  -0.46   0.98   2.00   2.00   2.00   2.00   2.00   2.00 
TRP CYS
  2.00   2.00   2.00   2.00   2.00  -1.22  -2.27   0.72  -0.66   2.00   2.00   0.72   2.00   2.00   2.00   2.00 
TRP VAL
  2.00   2.00   2.00   2.00   2.00  -1.31  -2.20  -0.06   0.05   0.64   1.55   1.55   1.15   2.00   2.00   2.00 
TRP THR
  2.00   2.00   2.00   2.00   0.63  -1.26  -2.20  -0.35   0.35   0.82   2.00   2.00   1.73   2.00   2.00   2.00 
TRP ILE
  2.00   2.00   2.00   2.00   1.96  -1.21  -2.27   0.17   0.02   2.00   0.58   1.96   1.96   1.96   2.00   2.00 
TRP PRO
  2.00   2.00   2.00   2.00   2.00   0.12  -1.09  -1.67  -1.27  -0.39   1.22   1.22  -0.17   2.00   2.00   2.00 
TRP MET
  2.00   2.00   2.00   2.00   0.45  -0.94  -2.26  -0.47   0.45   0.04   2.00   2.00   2.00   2.00   2.00   2.00 
TRP ASP
  2.00   2.00   2.00   2.00   1.28  -0.51  -2.29  -0.56  -0.26   2.00   0.59   1.28   1.69   2.00   2.00   2.00 
TRP ASN
  2.00   2.00   2.00   2.00   0.88  -1.40  -2.18  -0.13  -0.13   1.17   2.00   2.00   2.00   2.00   2.00   2.00 
TRP LEU
  2.00   2.00   2.00   2.00   1.40  -1.31  -2.27   0.02  -0.05   1.69   2.00   2.00   2.00   2.00   2.00   2.00 
TRP LYS
  2.00   2.00   2.00   2.00   2.00  -0.78  -2.35  -0.39  -0.06   1.45   1.45   1.73   2.00   2.00   2.00   2.00 
TRP GLU
  2.00   2.00   2.00   2.00   2.00  -1.04  -2.29  -0.19   0.03   0.41   2.00   2.00   2.00   2.00   2.00   2.00 
TRP GLN
  2.00   2.00   2.00   2.00   2.00  -0.85  -2.36  -0.23  -0.08   0.62   2.00   2.00   2.00   2.00   2.00   2.00 
TRP ARG
  2.00   2.00   2.00   2.00   1.47  -1.20  -2.29  -0.38   0.49   2.00   1.87   2.00   1.87   2.00   2.00   2.00 
TRP HIS
  2.00   2.00   2.00   2.00   0.49  -1.25  -1.94  -1.05  -0.36   0.49   2.00   2.00   2.00   2.00   2.00   2.00 
TRP PHE
  2.00   2.00   2.00   2.00   0.63  -1.27  -2.14  -0.76   0.34   2.00   1.03   2.00   1.73   2.00   2.00   2.00 
TRP TYR
  2.00   2.00   2.00   2.00  -0.08  -1.23  -2.18  -0.23   0.62   1.02   1.72   1.72   2.00   1.72   2.00   2.00 
TRP TRP
  2.00   2.00   2.00   2.00   2.00  -1.11  -2.05  -0.77  -1.11   2.00   2.00   2.00   2.00   2.00   2.00   2.00 
